Timestamp,Buy_Price,Sell_Price
177427191.1696,120343.8,30004.3
177427193.1696,120343.8,30004.3
177427195.1696,120343.8,30004.3
177427197.1696,120343.8,30004.3
177427199.2696,120343.8,30004.3
177427201.2696,120343.8,30004.3
177427203.2696,120343.8,30004.3
177427205.2696,120343.8,30004.3
177427207.2696,120343.8,30004.3
177427209.2696,120343.8,30004.3
177427211.2696,120343.8,30004.3
177427213.2696,120343.8,30004.3
177427215.2696,120343.8,30004.3
177427217.2696,120343.8,30004.3
177427219.2696,120343.8,30004.3
177427221.2696,120343.8,30004.3
177427223.2696,120343.8,30004.3
177427225.2696,120343.8,30004.3
177427227.2696,120343.8,30004.3
177427229.2696,120343.8,30004.3
177427231.2696,120343.8,30004.3
177427233.2696,120343.8,30004.3
177427235.2696,120343.8,30004.3
177427237.2696,120343.8,30004.3
177427239.2696,120343.8,30004.3
177427241.2696,120343.8,30004.3
177427243.2696,120343.8,30004.3
177427245.2696,120343.8,30004.3
177427247.2696,120343.8,30004.3
177427249.2696,120343.8,30004.3
177427251.2696,120343.8,30004.3
177427253.2696,120343.8,30004.3
177427255.2696,120343.8,30004.3
177427257.2696,120343.8,30004.3
177427259.2696,120343.8,30004.3
177427261.2696,120343.8,30004.3
177427263.2696,120343.8,30004.3
177427265.2696,120343.8,30004.3
177427267.2696,120343.8,30004.3
177427269.2696,120343.8,30004.3
177427271.2696,120343.8,30004.3
177427273.2696,120343.8,30004.3
177427275.2696,120343.8,30004.3
177427277.2696,120343.8,30004.3
177427279.2696,120343.8,30004.3
177427281.2696,120343.8,30004.3
177427283.2696,120343.8,30004.3
177427285.2696,120343.8,30004.3
177427287.2696,120343.8,30004.3
177427289.2696,120343.8,30004.3
177427291.2696,120343.8,30004.3
177427293.2696,120343.8,30004.3
177427295.2696,120343.8,30004.3
177427297.2696,120343.8,30004.3
177427299.2696,120343.8,30004.3
177427301.2696,120343.8,30004.3
177427303.2696,120343.8,30004.3
177427305.2696,120343.8,30004.3
177427307.2696,120343.8,30004.3
177427309.2696,120343.8,30004.3
177427311.2696,120343.8,30004.3
177427313.2696,120343.8,30004.3
177427315.2696,120343.8,30004.3
177427317.2696,120343.8,30004.3
177427319.2696,120343.8,30004.3
177427321.2696,120343.8,30004.3
177427323.2696,120343.8,30004.3
177427325.2696,120343.8,30004.3
177427327.2696,120343.8,30004.3
177427329.2696,120343.8,30004.3
177427331.2696,120343.8,30004.3
177427333.2696,120343.8,30004.3
177427335.2696,120343.7,30004.3
177427337.2696,120343.7,30004.3
177427339.2696,120343.7,30004.3
177427341.2696,120343.7,30004.3
177427343.2696,120343.7,30004.3
177427345.2696,120343.7,30004.3
177427347.2696,120343.59999999999,30004.3
177427349.2696,120343.59999999999,30004.3
177427351.2696,120343.59999999999,30004.3
177427353.2696,120343.59999999999,30004.3
177427355.2696,120343.59999999999,30004.3
177427357.2696,120343.59999999999,30004.3
177427359.2696,120343.59999999999,30004.3
177427361.2696,120343.59999999999,30004.3
177427363.2696,120343.49999999999,30004.3
177427365.2696,120343.49999999999,30004.3
177427367.2696,120343.49999999999,30004.3
177427369.2696,120343.49999999999,30004.3
177427371.2696,120343.49999999999,30004.3
177427373.2696,120343.39999999998,30004.3
177427375.2696,120343.39999999998,30004.3
177427377.2696,120343.39999999998,30004.3
177427379.2696,120343.39999999998,30004.3
177427381.2696,120343.39999999998,30004.3
177427383.2696,120343.39999999998,30004.3
177427385.2696,120343.39999999998,30004.3
177427387.2696,120343.39999999998,30004.3
177427389.2696,120343.39999999998,30004.3
177427391.2696,120343.39999999998,30004.3
177427393.2696,120343.39999999998,30004.3
177427395.2696,120343.39999999998,30004.3
177427397.2696,120343.39999999998,30004.3
177427399.2696,120343.29999999997,30004.3
177427401.2696,120343.29999999997,30004.3
177427403.2696,120343.29999999997,30004.3
177427405.2696,120343.29999999997,30004.3
177427407.2696,120343.29999999997,30004.3
177427409.2696,120343.29999999997,30004.3
177427411.2696,120343.29999999997,30004.3
177427413.2696,120343.19999999997,30004.3
177427415.2696,120343.19999999997,30004.3
177427417.2696,120343.19999999997,30004.3
177427419.2696,120343.19999999997,30004.3
177427421.2696,120343.19999999997,30004.3
177427423.2696,120343.09999999996,30004.3
177427425.2696,120343.09999999996,30004.3
177427427.2696,120343.09999999996,30004.3
177427429.2696,120343.09999999996,30004.3
177427431.2696,120343.09999999996,30004.3
177427433.2696,120343.09999999996,30004.3
177427435.2696,120343.09999999996,30004.3
177427437.2696,120343.09999999996,30004.3
177427439.2696,120343.09999999996,30004.3
177427441.2696,120343.09999999996,30004.3
177427443.2696,120343.09999999996,30004.3
177427445.2696,120343.09999999996,30004.3
177427447.2696,120343.09999999996,30004.3
177427449.2696,120343.09999999996,30004.3
177427451.2696,120343.09999999996,30004.3
177427453.2696,120343.09999999996,30004.3
177427455.2696,120343.09999999996,30004.3
177427457.2696,120343.09999999996,30004.3
177427459.2696,120343.09999999996,30004.3
177427461.2696,120343.09999999996,30004.3
177427463.2696,120342.99999999996,30004.3
177427465.2696,120342.99999999996,30004.3
177427467.2696,120342.99999999996,30004.3
177427469.2696,120342.99999999996,30004.3
177427471.2696,120342.99999999996,30004.3
177427473.2696,120342.99999999996,30004.3
177427475.2696,120342.99999999996,30004.3
177427477.2696,120342.99999999996,30004.3
177427479.2696,120342.89999999995,30004.3
177427481.2696,120342.89999999995,30004.3
177427483.2696,120342.89999999995,30004.3
177427485.2696,120342.79999999994,30004.3
177427487.2696,120342.79999999994,30004.3
177427489.2696,120342.79999999994,30004.3
177427491.2696,120342.79999999994,30004.3
177427493.2696,120342.79999999994,30004.3
177427495.2696,120342.79999999994,30004.3
177427497.2696,120342.79999999994,30004.3
177427499.2696,120342.79999999994,30004.3
177427501.2696,120342.79999999994,30004.3
177427503.2696,120342.79999999994,30004.3
177427505.2696,120342.79999999994,30004.3
177427507.2696,120342.79999999994,30004.3
177427509.2696,120342.79999999994,30004.3
177427511.2696,120342.79999999994,30004.3
177427513.2696,120342.79999999994,30004.3
177427515.2696,120342.79999999994,30004.3
177427517.2696,120342.69999999994,30004.3
177427519.2696,120342.69999999994,30004.3
177427521.2696,120342.69999999994,30004.3
177427523.2696,120342.69999999994,30004.3
177427525.2696,120342.59999999993,30004.3
177427527.2696,120342.59999999993,30004.3
177427529.2696,120342.59999999993,30004.3
177427531.2696,120342.59999999993,30004.3
177427533.2696,120342.59999999993,30004.3
177427535.2696,120342.59999999993,30004.3
177427537.2696,120342.59999999993,30004.3
177427539.2696,120342.59999999993,30004.3
177427541.2696,120342.59999999993,30004.3
177427543.2696,120342.59999999993,30004.3
177427545.2696,120342.59999999993,30004.3
177427547.2696,120342.59999999993,30004.3
177427549.2696,120342.59999999993,30004.3
177427551.2696,120342.59999999993,30004.3
177427553.2696,120342.49999999993,30004.3
177427555.2696,120342.49999999993,30004.3
177427557.2696,120342.49999999993,30004.3
177427559.2696,120342.39999999992,30004.3
177427561.2696,120342.29999999992,30004.3
177427563.2696,120342.29999999992,30004.3
177427565.2696,120342.29999999992,30004.3
177427567.2696,120342.29999999992,30004.3
177427569.2696,120342.29999999992,30004.3
177427571.2696,120342.29999999992,30004.3
177427573.2696,120342.29999999992,30004.3
177427575.2696,120342.29999999992,30004.3
177427577.2696,120342.29999999992,30004.3
177427579.2696,120342.29999999992,30004.3
177427581.2696,120342.29999999992,30004.3
177427583.2696,120342.29999999992,30004.3
177427585.2696,120342.29999999992,30004.3
177427587.2696,120342.29999999992,30004.3
177427589.2696,111308.49999999991,30004.3
177427591.2696,111308.49999999991,30004.3
177427593.2696,111308.3999999999,30004.3
177427595.2696,111308.3999999999,30004.3
177427597.2696,111308.3999999999,30004.3
177427599.2696,111308.3999999999,30004.3
177427601.2696,111308.3999999999,30004.3
177427603.2696,111308.3999999999,30004.3
177427605.2696,111308.3999999999,30004.3
177427607.2696,111308.3999999999,30004.3
177427609.2696,111308.3999999999,30004.3
177427611.2696,111308.3999999999,30004.3
177427613.2696,111308.3999999999,30004.3
177427615.2696,111308.3999999999,30004.3
177427617.2696,111308.3999999999,30004.3
177427619.2696,111308.3999999999,30004.3
177427621.2696,111308.3999999999,30004.3
177427623.2696,111308.3999999999,30004.3
177427625.2696,111308.3999999999,30004.3
177427627.2696,111308.3999999999,30004.3
177427629.2696,111308.3999999999,30004.3
177427631.2696,111308.3999999999,30004.3
177427633.2696,111308.3999999999,30004.3
177427635.2696,111308.3999999999,30004.3
177427637.2696,111308.3999999999,30004.3
177427639.2696,111308.3999999999,30004.3
177427641.2696,111308.3999999999,30004.3
177427643.2696,111308.3999999999,30004.3
177427645.2696,111308.3999999999,30004.3
177427647.2696,111308.3999999999,30004.3
177427649.2696,111308.3999999999,30004.3
177427651.2696,111308.3999999999,30004.3
177427653.2696,111308.3999999999,30004.3
177427655.2696,111308.2999999999,30004.3
177427657.2696,111308.2999999999,30004.3
177427659.2696,111308.2999999999,30004.3
177427661.2696,111308.2999999999,30004.3
177427663.2696,111308.1999999999,30004.3
177427665.2696,111308.1999999999,30004.3
177427667.2696,111308.1999999999,30004.3
177427669.2696,111308.1999999999,30004.3
177427671.2696,111308.1999999999,30004.3
177427673.2696,111308.1999999999,30004.3
177427675.2696,111308.1999999999,30004.3
177427677.2696,111308.1999999999,30004.3
177427679.2696,111308.09999999989,30004.3
177427681.2696,111308.09999999989,30004.3
177427683.2696,111308.09999999989,30004.3
177427685.2696,111308.09999999989,30004.3
177427687.2696,111308.09999999989,30004.3
177427689.2696,111308.09999999989,30004.3
177427691.2696,111308.09999999989,30004.3
177427693.2696,111308.09999999989,30004.3
177427695.2696,111308.09999999989,30004.3
177427697.2696,111308.09999999989,30004.3
177427699.2696,111307.99999999988,30004.3
177427701.2696,111307.99999999988,30004.3
177427703.2696,111307.99999999988,30004.3
177427705.2696,111307.99999999988,30004.3
177427707.2696,111307.99999999988,30004.3
177427709.2696,111307.99999999988,30004.3
177427711.2696,111307.99999999988,30004.3
177427713.2696,111307.99999999988,30004.3
177427715.2696,111307.99999999988,30004.3
177427717.2696,111307.99999999988,30004.3
177427719.2696,111307.99999999988,30004.3
177427721.2696,111307.99999999988,30004.3
177427723.2696,111307.99999999988,30004.3
177427725.2696,111307.99999999988,30004.3
177427727.2696,111307.99999999988,30004.3
177427729.2696,111307.99999999988,30004.3
177427731.2696,111307.89999999988,30004.3
177427733.2696,111307.89999999988,30004.3
177427735.2696,111307.79999999987,30004.3
177427737.2696,111307.79999999987,30004.3
177427739.2696,111307.79999999987,30004.3
177427741.2696,111307.79999999987,30004.3
177427743.2696,111307.79999999987,30004.3
177427745.2696,111307.79999999987,30004.3
177427747.2696,111307.79999999987,30004.3
177427749.2696,111307.79999999987,30004.3
177427751.2696,111307.79999999987,30004.3
177427753.2696,111307.79999999987,30004.3
177427755.2696,111307.79999999987,30004.3
177427757.2696,111307.79999999987,30004.3
177427759.2696,111307.79999999987,30004.3
177427761.2696,111307.79999999987,30004.3
177427763.2696,111307.79999999987,30004.3
177427765.2696,111307.69999999987,30004.3
177427767.2696,111307.69999999987,30004.3
177427769.2696,111307.69999999987,30004.3
177427771.2696,111307.69999999987,30004.3
177427773.2696,111307.69999999987,30004.3
177427775.2696,111307.69999999987,30004.3
177427777.2696,111307.69999999987,30004.3
177427779.2696,111307.69999999987,30004.3
177427781.2696,111307.69999999987,30004.3
177427783.2696,111307.69999999987,30004.3
177427785.2696,111307.69999999987,30004.3
177427787.2696,111307.69999999987,30004.3
177427789.2696,111307.69999999987,30004.3
177427791.2696,111307.69999999987,30004.3
177427793.2696,111307.69999999987,30004.3
177427795.2696,111307.69999999987,30004.3
177427797.2696,111307.69999999987,30004.3
177427799.2696,111307.69999999987,30004.3
177427801.2696,111307.69999999987,30004.3
177427805.2696,111307.69999999987,30004.3
177427807.2696,111307.69999999987,30004.3
177427809.2696,111307.69999999987,30004.3
177427811.2696,111307.69999999987,30004.399999999998
177427813.2696,111307.69999999987,30004.399999999998
177427815.2696,111307.69999999987,30004.399999999998
177427817.2696,111307.69999999987,30004.399999999998
177427819.2696,111307.69999999987,30004.399999999998
177427821.2696,111307.69999999987,30004.399999999998
177427823.2696,111307.69999999987,30004.399999999998
177427825.2696,111307.69999999987,30004.399999999998
177427827.2696,111307.69999999987,30004.399999999998
177427829.2696,111307.69999999987,30004.399999999998
177427831.2696,111307.69999999987,30004.399999999998
177427833.2696,111307.69999999987,30004.399999999998
177427835.2696,111307.69999999987,30004.399999999998
177427837.2696,111307.69999999987,30004.399999999998
177427839.2696,111307.69999999987,30004.399999999998
177427841.2696,111307.69999999987,30004.399999999998
177427843.2696,111307.69999999987,30004.399999999998
177427845.2696,111307.69999999987,30004.399999999998
177427847.2696,111307.69999999987,30004.399999999998
177427849.2696,111307.69999999987,30004.399999999998
177427851.2696,111307.69999999987,30004.399999999998
177427853.2696,111307.69999999987,30004.399999999998
177427855.2696,111307.69999999987,30004.399999999998
177427857.2696,111307.69999999987,30004.399999999998
177427859.2696,111307.69999999987,30004.399999999998
177427861.2696,111307.69999999987,30004.399999999998
177427863.2696,111307.69999999987,30004.399999999998
177427865.2696,111307.59999999986,30004.399999999998
177427867.2696,111307.59999999986,30004.399999999998
177427869.2696,111307.59999999986,30004.399999999998
177427871.2696,111307.59999999986,30004.399999999998
177427873.2696,111307.59999999986,30004.399999999998
177427875.2696,111307.59999999986,30004.399999999998
177427877.2696,111307.59999999986,30004.399999999998
177427879.2696,111307.59999999986,30004.399999999998
177427881.2696,111307.59999999986,30004.399999999998
177427883.2696,111307.59999999986,30004.399999999998
177427885.2696,111307.59999999986,30004.399999999998
177427887.2696,111307.59999999986,30004.399999999998
177427889.2696,111307.59999999986,30004.399999999998
177427891.2696,111307.59999999986,30004.399999999998
177427893.2696,111307.59999999986,30004.399999999998
177427895.2696,111307.49999999985,30004.399999999998
177427897.2696,111307.49999999985,30004.399999999998
177427899.2696,111307.49999999985,30004.399999999998
177427901.2696,111307.49999999985,30004.399999999998
177427903.2696,111307.49999999985,30004.399999999998
177427905.2696,111307.49999999985,30004.399999999998
177427907.2696,111307.49999999985,30004.399999999998
177427909.2696,111307.49999999985,30004.399999999998
177427911.2696,111307.49999999985,30004.399999999998
177427913.2696,111307.49999999985,30004.399999999998
177427915.2696,111307.49999999985,30004.399999999998
177427917.2696,111307.49999999985,30004.399999999998
177427919.2696,111307.49999999985,30004.399999999998
177427921.2696,111307.49999999985,30004.399999999998
177427923.2696,111307.49999999985,30004.399999999998
177427925.2696,111307.49999999985,30004.399999999998
177427927.2696,111307.49999999985,30004.399999999998
177427929.2696,111307.49999999985,30004.399999999998
177427931.2696,111307.49999999985,30004.399999999998
177427933.2696,111307.49999999985,30004.399999999998
177427935.2696,111307.49999999985,30004.399999999998
177427937.2696,111307.49999999985,30004.399999999998
177427939.2696,111307.49999999985,30004.399999999998
177427941.2696,111307.39999999985,30004.399999999998
177427943.2696,111307.39999999985,30004.399999999998
177427945.2696,111307.39999999985,30004.399999999998
177427947.2696,111307.29999999984,30004.399999999998
177427949.2696,111307.29999999984,30004.399999999998
177427951.2696,111307.19999999984,30004.399999999998
177427953.2696,111307.19999999984,30004.399999999998
177427955.2696,111307.19999999984,30004.399999999998
177427957.2696,111307.19999999984,30004.399999999998
177427959.2696,111307.19999999984,30004.399999999998
177427961.2696,111307.19999999984,30004.399999999998
177427963.2696,111307.19999999984,30004.399999999998
177427965.2696,111307.19999999984,30004.399999999998
177427967.2696,111307.19999999984,30004.399999999998
177427969.2696,111307.19999999984,30004.399999999998
177427971.2696,111307.19999999984,30004.399999999998
177427973.2696,111307.19999999984,30004.399999999998
177427975.2696,111307.19999999984,30004.399999999998
177427977.2696,111307.19999999984,30004.399999999998
177427979.2696,111307.19999999984,30004.399999999998
177427981.2696,111307.19999999984,30004.399999999998
177427983.2696,111307.19999999984,30004.399999999998
177427985.2696,111307.09999999983,30004.399999999998
177427987.2696,111306.99999999983,30004.399999999998
177427989.2696,111306.99999999983,30004.399999999998
177427991.2696,111306.99999999983,30004.399999999998
177427993.2696,111306.99999999983,30004.399999999998
177427995.2696,111306.89999999982,30004.399999999998
177427997.2696,111306.89999999982,30004.399999999998
177427999.2696,111306.89999999982,30004.399999999998
177428001.2696,111306.89999999982,30004.399999999998
177428003.2696,111306.89999999982,30004.399999999998
177428005.2696,111306.89999999982,30004.399999999998
177428007.2696,111306.89999999982,30004.399999999998
177428009.2696,111306.89999999982,30004.399999999998
177428011.2696,111306.89999999982,30004.399999999998
177428013.2696,111306.89999999982,30004.399999999998
177428015.2696,111306.79999999981,30004.399999999998
177428017.2696,111306.79999999981,30004.399999999998
177428019.2696,111306.79999999981,30004.399999999998
177428021.2696,111306.79999999981,30004.399999999998
177428023.2696,111306.79999999981,30004.399999999998
177428025.2696,111306.79999999981,30004.399999999998
177428027.2696,111306.79999999981,30004.399999999998
177428029.2696,111306.79999999981,30004.399999999998
177428031.2696,111306.79999999981,30004.399999999998
177428033.2696,111306.79999999981,30004.399999999998
177428035.2696,111306.79999999981,30004.399999999998
177428037.2696,111306.69999999981,30004.399999999998
177428039.2696,111306.79999999981,30004.399999999998
177428041.2696,111306.89999999982,30004.399999999998
177428043.2696,111306.89999999982,30004.399999999998
177428045.2696,111306.89999999982,30004.399999999998
177428047.2696,111306.89999999982,30004.399999999998
177428049.2696,111306.89999999982,30004.399999999998
177428051.2696,111306.89999999982,30004.399999999998
177428053.2696,111306.89999999982,30004.399999999998
177428055.2696,111306.89999999982,30004.399999999998
177428057.2696,111306.89999999982,30004.399999999998
177428059.2696,111306.89999999982,30004.399999999998
177428061.2696,111306.89999999982,30004.399999999998
177428063.2696,111306.89999999982,30004.399999999998
177428065.2696,111306.89999999982,30004.399999999998
177428067.2696,111306.89999999982,30004.399999999998
177428069.2696,111306.89999999982,30004.399999999998
177428071.2696,111306.89999999982,30004.399999999998
177428073.2696,111306.89999999982,30004.399999999998
177428075.2696,111306.89999999982,30004.399999999998
177428077.2696,111306.89999999982,30004.399999999998
177428079.2696,111306.89999999982,30004.399999999998
177428081.2696,111306.89999999982,30004.399999999998
177428083.2696,111306.89999999982,30004.399999999998
177428085.2696,111306.89999999982,30004.399999999998
177428087.2696,111306.89999999982,30004.399999999998
177428089.2696,111306.89999999982,30004.399999999998
177428091.2696,111306.89999999982,30004.399999999998
177428093.2696,111306.89999999982,30004.399999999998
177428095.2696,111306.89999999982,30004.399999999998
177428097.2696,111306.89999999982,30004.399999999998
177428099.2696,111306.89999999982,30004.399999999998
177428101.2696,111306.79999999981,30004.399999999998
177428103.2696,111306.79999999981,30004.399999999998
177428105.2696,111306.79999999981,30004.399999999998
177428107.2696,111306.79999999981,30004.399999999998
177428109.2696,111306.69999999981,30004.399999999998
177428111.2696,111306.5999999998,30004.399999999998
177428113.2696,111306.5999999998,30004.399999999998
177428115.2696,111306.5999999998,30004.399999999998
177428117.2696,111306.5999999998,30004.399999999998
177428119.2696,111306.5999999998,30004.399999999998
177428121.2696,111306.5999999998,30004.399999999998
177428123.2696,111306.5999999998,30004.399999999998
177428125.2696,111306.5999999998,30004.399999999998
177428127.2696,111306.5999999998,30004.399999999998
177428129.2696,111306.5999999998,30004.399999999998
177428131.2696,111306.5999999998,30004.399999999998
177428133.2696,111306.5999999998,30004.399999999998
177428135.2696,111306.5999999998,30004.399999999998
177428137.2696,111306.5999999998,30004.399999999998
177428139.2696,111306.5999999998,30004.399999999998
177428141.2696,111306.5999999998,30004.399999999998
177428143.2696,111306.5999999998,30004.399999999998
177428145.2696,111306.5999999998,30004.399999999998
177428147.2696,111306.5999999998,30004.399999999998
177428149.2696,111306.5999999998,30004.399999999998
177428151.2696,111306.4999999998,30004.399999999998
177428153.2696,111306.4999999998,30004.399999999998
177428155.2696,111306.4999999998,30004.399999999998
177428157.2696,111306.4999999998,30004.399999999998
177428159.2696,111306.4999999998,30004.399999999998
177428161.2696,111306.4999999998,30004.399999999998
177428163.2696,111306.4999999998,30004.399999999998
177428165.2696,111306.4999999998,30004.399999999998
177428167.2696,111306.4999999998,30004.399999999998
177428169.2696,111306.4999999998,30004.399999999998
177428171.2696,111306.4999999998,30004.399999999998
177428173.2696,111306.4999999998,30004.399999999998
177428175.2696,111306.4999999998,30004.399999999998
177428177.2696,111306.4999999998,30004.399999999998
177428179.2696,111306.4999999998,30004.399999999998
177428181.2696,111306.4999999998,30004.399999999998
177428183.2696,111306.4999999998,30004.399999999998
177428185.2696,111306.4999999998,30004.399999999998
177428187.2696,111306.4999999998,30004.399999999998
177428189.2696,111306.4999999998,30004.399999999998
177428191.2696,111306.4999999998,30004.399999999998
177428193.2696,111306.4999999998,30004.399999999998
177428195.2696,111306.4999999998,30004.399999999998
177428197.2696,111306.4999999998,30004.399999999998
177428199.2696,111306.4999999998,30004.399999999998
177428201.2696,111306.4999999998,30004.399999999998
177428203.2696,111306.4999999998,30004.399999999998
177428205.2696,111306.4999999998,30004.399999999998
177428207.2696,111306.39999999979,30004.399999999998
177428209.2696,111306.39999999979,30004.399999999998
177428211.2696,111306.39999999979,30004.399999999998
177428213.2696,111306.39999999979,30004.399999999998
177428215.2696,111306.29999999978,30004.399999999998
177428217.2696,111306.29999999978,30004.399999999998
177428219.2696,111306.29999999978,30004.399999999998
177428221.2696,111306.29999999978,30004.399999999998
177428223.2696,111306.29999999978,30004.399999999998
177428225.2696,111306.29999999978,30004.399999999998
177428227.2696,111306.29999999978,30004.399999999998
177428229.2696,111306.29999999978,30004.399999999998
177428231.2696,111306.29999999978,30004.399999999998
177428233.2696,111306.29999999978,30004.399999999998
177428235.2696,111306.29999999978,30004.399999999998
177428237.2696,111306.19999999978,30004.399999999998
177428239.2696,111306.19999999978,30004.399999999998
177428241.2696,111306.19999999978,30004.399999999998
177428243.2696,111306.19999999978,30004.399999999998
177428245.2696,111306.19999999978,30004.399999999998
177428247.2696,111306.19999999978,30004.399999999998
177428249.2696,111306.19999999978,30004.399999999998
177428251.2696,111306.19999999978,30004.399999999998
177428253.2696,111306.19999999978,30004.399999999998
177428255.2696,111306.19999999978,30004.399999999998
177428257.2696,111306.19999999978,30004.399999999998
177428259.2696,111306.19999999978,30004.399999999998
177428261.2696,111306.19999999978,30004.399999999998
177428263.2696,111306.19999999978,30004.399999999998
177428265.2696,111306.19999999978,30004.399999999998
177428267.2696,111306.19999999978,30004.399999999998
177428269.2696,111306.19999999978,30004.399999999998
177428271.2696,111306.19999999978,30004.399999999998
177428273.2696,111306.19999999978,30004.399999999998
177428275.2696,111306.19999999978,30004.399999999998
177428277.2696,111306.19999999978,30004.399999999998
177428279.2696,111306.19999999978,30004.399999999998
177428281.2696,111306.19999999978,30004.399999999998
177428283.2696,111306.19999999978,30004.399999999998
177428285.2696,111306.19999999978,30004.399999999998
177428287.2696,111306.09999999977,30004.399999999998
177428289.2696,111306.09999999977,30004.399999999998
177428291.2696,111306.09999999977,30004.399999999998
177428293.2696,111306.09999999977,30004.399999999998
177428295.2696,111306.09999999977,30004.399999999998
177428297.2696,111305.99999999977,30004.399999999998
177428299.2696,111305.99999999977,30004.399999999998
177428301.2696,111305.99999999977,30004.399999999998
177428303.2696,111305.99999999977,30004.399999999998
177428305.2696,111305.99999999977,30004.399999999998
177428307.2696,111305.99999999977,30004.399999999998
177428309.2696,111305.99999999977,30004.399999999998
177428311.2696,111305.99999999977,30004.399999999998
177428313.2696,111305.99999999977,30004.399999999998
177428315.2696,111305.99999999977,30004.399999999998
177428317.2696,111305.99999999977,30004.399999999998
177428319.2696,111305.99999999977,30004.399999999998
177428321.2696,111305.99999999977,30004.399999999998
177428323.2696,111305.99999999977,30004.399999999998
177428325.2696,111305.99999999977,30004.399999999998
177428327.2696,111305.99999999977,30004.399999999998
177428329.2696,111305.99999999977,30004.399999999998
177428331.2696,111305.99999999977,30004.399999999998
177428333.2696,111305.99999999977,30004.399999999998
177428335.2696,111305.99999999977,30004.399999999998
177428337.2696,111305.89999999976,30004.399999999998
177428339.2696,111305.89999999976,30004.399999999998
177428341.2696,111305.89999999976,30004.399999999998
177428343.2696,111305.89999999976,30004.399999999998
177428345.2696,111305.89999999976,30004.399999999998
177428347.2696,111305.89999999976,30004.399999999998
177428349.2696,111305.89999999976,30004.399999999998
177428351.2696,111305.89999999976,30004.399999999998
177428353.2696,111305.79999999976,30004.399999999998
177428355.2696,111305.79999999976,30004.399999999998
177428357.2696,111305.79999999976,30004.399999999998
177428359.2696,111305.79999999976,30004.399999999998
177428361.2696,111305.79999999976,30004.399999999998
177428363.2696,111305.79999999976,30004.399999999998
177428365.2696,111305.79999999976,30004.399999999998
177428367.2696,111305.79999999976,30004.399999999998
177428369.2696,111305.79999999976,30004.399999999998
177428371.2696,111305.79999999976,30004.399999999998
177428373.2696,111305.79999999976,30004.399999999998
177428375.2696,111305.79999999976,30004.399999999998
177428377.2696,111305.79999999976,30004.399999999998
177428379.2696,111305.69999999975,30004.399999999998
177428381.2696,111305.69999999975,30004.399999999998
177428383.2696,111305.69999999975,30004.399999999998
177428385.2696,111305.69999999975,30004.399999999998
177428387.2696,111305.69999999975,30004.399999999998
177428389.2696,111305.69999999975,30004.399999999998
177428391.2696,111305.69999999975,30004.399999999998
177428393.2696,111305.59999999974,30004.399999999998
177428395.1696,111305.59999999974,30004.399999999998
177428397.1696,111305.59999999974,30004.399999999998
177428399.1696,111305.59999999974,30004.399999999998
177428401.1696,111305.59999999974,30004.399999999998
177428403.1696,111305.59999999974,30004.399999999998
177428405.1696,111305.59999999974,30004.399999999998
177428407.1696,111305.59999999974,30004.399999999998
177428409.1696,111305.59999999974,30004.399999999998
177428411.1696,111305.59999999974,30004.399999999998
177428413.1696,111305.59999999974,30004.399999999998
177428415.1696,111305.59999999974,30004.399999999998
177428417.1696,111305.59999999974,30004.399999999998
177428419.1696,111305.59999999974,30004.399999999998
177428421.1696,111305.59999999974,30004.399999999998
177428423.1696,111305.59999999974,30004.399999999998
177428425.1696,111305.59999999974,30004.399999999998
177428427.1696,111305.59999999974,30004.399999999998
177428429.1696,111305.59999999974,30004.399999999998
177428431.1696,111305.59999999974,30004.399999999998
177428433.1696,111305.59999999974,30004.399999999998
177428435.1696,111305.59999999974,30004.399999999998
177428437.1696,111305.59999999974,30004.399999999998
177428439.1696,111305.59999999974,30004.399999999998
177428441.1696,111305.59999999974,30004.399999999998
177428443.1696,111305.59999999974,30004.399999999998
177428445.1696,111305.59999999974,30004.399999999998
177428447.1696,111305.59999999974,30004.399999999998
177428449.1696,111305.59999999974,30004.399999999998
177428451.1696,111305.59999999974,30004.399999999998
177428453.1696,111305.59999999974,30004.399999999998
177428455.1696,111305.59999999974,30004.399999999998
177428457.1696,111305.59999999974,30004.399999999998
177428459.1696,111305.59999999974,30004.399999999998
177428461.1696,111305.59999999974,30004.399999999998
177428463.1696,111305.59999999974,30004.399999999998
177428465.1696,111305.59999999974,30004.399999999998
177428467.1696,111305.59999999974,30004.399999999998
177428469.1696,111305.59999999974,30004.399999999998
177428471.1696,111305.59999999974,30004.399999999998
177428473.1696,111305.59999999974,30004.399999999998
177428475.1696,111305.59999999974,30004.399999999998
177428477.1696,111305.59999999974,30004.399999999998
177428479.1696,111305.59999999974,30004.399999999998
177428481.1696,111305.59999999974,30004.399999999998
177428483.1696,111305.59999999974,30004.399999999998
177428485.1696,111305.59999999974,30004.399999999998
177428487.1696,111305.59999999974,30004.399999999998
177428489.1696,111305.59999999974,30004.399999999998
177428491.1696,111305.59999999974,30004.399999999998
177428493.1696,111305.59999999974,30004.399999999998
177428495.1696,111305.59999999974,30004.399999999998
177428497.1696,111305.59999999974,30004.399999999998
177428499.1696,111305.59999999974,30004.399999999998
177428501.1696,111305.59999999974,30004.399999999998
177428503.1696,111305.59999999974,30004.399999999998
177428505.1696,111305.59999999974,30004.399999999998
177428507.1696,111305.59999999974,30004.399999999998
177428509.1696,111305.59999999974,30004.399999999998
177428511.1696,111305.59999999974,30004.399999999998
177428513.2696,111305.59999999974,30004.399999999998
177428515.1696,111305.49999999974,30004.399999999998
177428517.1696,111305.49999999974,30004.399999999998
177428519.1696,111305.49999999974,30004.399999999998
177428521.1696,111305.49999999974,30004.399999999998
177428523.1696,111305.49999999974,30004.399999999998
177428525.1696,111305.49999999974,30004.399999999998
177428527.1696,111305.49999999974,30004.399999999998
177428529.1696,111305.49999999974,30004.399999999998
177428531.1696,111305.39999999973,30004.399999999998
177428533.1696,111305.39999999973,30004.399999999998
177428535.1696,111305.39999999973,30004.399999999998
177428537.1696,111305.39999999973,30004.399999999998
177428539.1696,111305.39999999973,30004.399999999998
177428541.1696,111305.39999999973,30004.399999999998
177428543.1696,111305.39999999973,30004.399999999998
177428545.1696,111305.39999999973,30004.399999999998
177428547.1696,111305.39999999973,30004.399999999998
177428549.1696,111305.39999999973,30004.399999999998
177428551.1696,111305.39999999973,30004.399999999998
177428553.1696,111305.39999999973,30004.399999999998
177428555.1696,111305.39999999973,30004.399999999998
177428557.1696,111305.39999999973,30004.399999999998
177428559.1696,111305.39999999973,30004.399999999998
177428561.1696,111305.39999999973,30004.399999999998
177428563.1696,111305.39999999973,30004.399999999998
177428565.1696,111305.39999999973,30004.399999999998
177428567.1696,111305.29999999973,30004.399999999998
177428569.1696,111305.29999999973,30004.399999999998
177428571.1696,111305.29999999973,30004.399999999998
177428573.1696,111305.29999999973,30004.399999999998
177428575.1696,111305.29999999973,30004.399999999998
177428577.1696,111305.29999999973,30004.399999999998
177428579.1696,111305.29999999973,30004.399999999998
177428581.1696,111305.29999999973,30004.399999999998
177428583.1696,111305.29999999973,30004.399999999998
177428585.1696,111305.29999999973,30004.399999999998
177428587.1696,111305.29999999973,30004.399999999998
177428589.1696,111305.29999999973,30004.399999999998
177428591.1696,111305.29999999973,30004.399999999998
177428593.1696,111305.29999999973,30004.399999999998
177428595.1696,111305.29999999973,30004.399999999998
177428597.1696,111305.29999999973,30004.399999999998
177428599.1696,111305.29999999973,30004.399999999998
177428601.1696,111305.29999999973,30004.399999999998
177428603.1696,111305.29999999973,30004.399999999998
177428605.1696,111305.29999999973,30004.399999999998
177428607.1696,111305.29999999973,30004.399999999998
177428609.1696,111305.29999999973,30004.399999999998
177428611.1696,111305.29999999973,30004.399999999998
177428613.1696,111305.29999999973,30004.399999999998
177428615.1696,111305.19999999972,30004.399999999998
177428617.1696,111305.19999999972,30004.399999999998
177428619.1696,111305.19999999972,30004.399999999998
177428621.1696,111305.19999999972,30004.399999999998
177428623.1696,111305.19999999972,30004.399999999998
177428625.1696,111305.19999999972,30004.399999999998
177428627.1696,111305.19999999972,30004.399999999998
177428629.1696,111305.19999999972,30004.399999999998
177428631.1696,111305.19999999972,30004.399999999998
177428633.1696,111305.19999999972,30004.399999999998
177428635.1696,111305.19999999972,30004.399999999998
177428637.1696,111305.19999999972,30004.399999999998
177428639.1696,111305.19999999972,30004.399999999998
177428641.1696,111305.19999999972,30004.399999999998
177428643.1696,111305.19999999972,30004.399999999998
177428645.1696,111305.19999999972,30004.399999999998
177428647.1696,111305.19999999972,30004.399999999998
177428649.1696,111305.19999999972,30004.399999999998
177428651.1696,111305.19999999972,30004.399999999998
177428653.1696,111305.19999999972,30004.399999999998
177428655.1696,111305.19999999972,30004.399999999998
177428657.1696,111305.19999999972,30004.399999999998
177428659.1696,111305.19999999972,30004.399999999998
177428661.1696,111305.19999999972,30004.399999999998
177428663.1696,111305.19999999972,30004.399999999998
177428665.1696,111305.19999999972,30004.399999999998
177428667.1696,111305.19999999972,30004.399999999998
177428669.1696,111305.19999999972,30004.399999999998
177428671.1696,111305.19999999972,30004.399999999998
177428673.1696,111305.19999999972,30004.399999999998
177428675.1696,111305.19999999972,30004.399999999998
177428677.1696,111305.19999999972,30004.399999999998
177428679.1696,111305.19999999972,30004.399999999998
177428681.1696,111305.19999999972,30004.399999999998
177428683.1696,111305.19999999972,30004.399999999998
177428685.1696,111305.19999999972,30004.399999999998
177428687.1696,111305.19999999972,30004.399999999998
177428689.1696,111305.19999999972,30004.399999999998
177428691.1696,111305.19999999972,30004.399999999998
177428693.1696,111305.19999999972,30004.399999999998
177428695.1696,111305.19999999972,30004.399999999998
177428697.1696,111305.19999999972,30004.399999999998
177428699.1696,111305.19999999972,30004.399999999998
177428701.1696,111305.19999999972,30004.399999999998
177428703.1696,111305.19999999972,30004.399999999998
177428705.1696,111305.19999999972,30004.399999999998
177428707.1696,111305.19999999972,30004.399999999998
177428709.1696,111305.19999999972,30004.399999999998
177428711.1696,111305.19999999972,30004.399999999998
177428713.1696,111305.19999999972,30004.399999999998
177428715.1696,111305.19999999972,30004.399999999998
177428717.1696,111305.19999999972,30004.399999999998
177428719.1696,111305.19999999972,30004.399999999998
177428721.1696,111305.19999999972,30004.399999999998
177428723.1696,111305.19999999972,30004.399999999998
177428725.1696,111305.19999999972,30004.399999999998
177428727.1696,111305.19999999972,30004.399999999998
177428729.1696,111305.19999999972,30004.399999999998
177428731.1696,111305.19999999972,30004.399999999998
177428733.1696,111305.19999999972,30004.399999999998
177428735.1696,111305.19999999972,30004.399999999998
177428737.1696,111305.19999999972,30004.399999999998
177428739.1696,111305.19999999972,30004.399999999998
177428741.1696,111305.19999999972,30004.399999999998
177428743.06960002,111305.19999999972,30004.399999999998
177428745.06960002,111305.19999999972,30004.399999999998
177428747.06960002,111305.19999999972,30004.399999999998
177428749.06960002,111305.19999999972,30004.399999999998
177428751.06960002,111305.19999999972,30004.399999999998
177428753.06960002,111305.19999999972,30004.399999999998
177428755.06960002,111305.19999999972,30004.399999999998
177428757.06960002,111305.19999999972,30004.399999999998
177428759.06960002,111305.19999999972,30004.399999999998
177428761.06960002,111305.19999999972,30004.399999999998
177428763.06960002,111305.19999999972,30004.399999999998
177428765.06960002,111305.19999999972,30004.399999999998
177428767.06960002,111305.19999999972,30004.399999999998
177428769.06960002,111305.19999999972,30004.399999999998
177428771.06960002,111305.19999999972,30004.399999999998
177428773.06960002,111305.19999999972,30004.399999999998
177428775.06960002,111305.19999999972,30004.399999999998
177428777.06960002,111305.19999999972,30004.399999999998
177428779.06960002,111305.19999999972,30004.399999999998
177428781.06960002,111305.19999999972,30004.399999999998
177428783.06960002,111305.19999999972,30004.399999999998
177428785.06960002,111305.19999999972,30004.399999999998
177428787.06960002,111305.19999999972,30004.399999999998
177428789.06960002,111305.19999999972,30004.399999999998
177428791.06960002,111305.19999999972,30004.399999999998
177428793.06960002,111305.19999999972,30004.399999999998
177428795.06960002,111305.19999999972,30004.399999999998
177428797.06960002,111305.19999999972,30004.399999999998
177428799.06960002,111305.09999999971,30004.399999999998
177428801.06960002,111305.09999999971,30004.399999999998
177428803.06960002,111305.09999999971,30004.399999999998
177428805.06960002,111305.09999999971,30004.399999999998
177428807.06960002,111305.09999999971,30004.399999999998
177428809.06960002,111305.09999999971,30004.399999999998
177428811.06960002,111305.09999999971,30004.399999999998
177428813.06960002,111305.09999999971,30004.399999999998
177428815.06960002,111304.99999999971,30004.399999999998
177428817.06960002,111304.99999999971,30004.399999999998
177428819.06960002,111304.99999999971,30004.399999999998
177428821.06960002,111304.99999999971,30004.399999999998
177428823.06960002,111304.99999999971,30004.399999999998
177428825.06960002,111304.99999999971,30004.399999999998
177428827.06960002,111304.99999999971,30004.399999999998
177428829.06960002,111304.99999999971,30004.399999999998
177428831.06960002,111304.99999999971,30004.399999999998
177428833.06960002,111304.99999999971,30004.399999999998
177428835.06960002,111304.99999999971,30004.399999999998
177428837.06960002,111304.99999999971,30004.399999999998
177428839.06960002,111304.99999999971,30004.399999999998
177428841.06960002,111304.8999999997,30004.399999999998
177428843.06960002,111304.8999999997,30004.399999999998
177428845.06960002,111304.8999999997,30004.399999999998
177428847.06960002,111304.8999999997,30004.399999999998
177428849.06960002,111304.8999999997,30004.399999999998
177428851.06960002,111304.8999999997,30004.399999999998
177428853.06960002,111304.8999999997,30004.399999999998
177428855.06960002,111304.8999999997,30004.399999999998
177428857.06960002,111304.8999999997,30004.399999999998
177428859.06960002,111304.8999999997,30004.399999999998
177428861.06960002,111304.8999999997,30004.399999999998
177428863.06960002,111304.8999999997,30004.399999999998
177428865.06960002,111304.8999999997,30004.399999999998
177428867.06960002,111304.7999999997,30004.399999999998
177428869.06960002,111304.7999999997,30004.399999999998
177428871.06960002,111304.7999999997,30004.399999999998
177428873.06960002,111304.7999999997,30004.399999999998
177428875.06960002,111304.7999999997,30004.399999999998
177428877.06960002,111304.7999999997,30004.399999999998
177428879.06960002,111304.7999999997,30004.399999999998
177428881.06960002,111304.7999999997,30004.399999999998
177428883.06960002,111304.7999999997,30004.399999999998
177428885.06960002,111304.7999999997,30004.399999999998
177428887.06960002,111304.7999999997,30004.399999999998
177428889.06960002,111304.7999999997,30004.399999999998
177428891.06960002,111304.7999999997,30004.399999999998
177428893.06960002,111304.7999999997,30004.399999999998
177428895.06960002,111304.7999999997,30004.399999999998
177428897.06960002,111304.7999999997,30004.399999999998
177428899.06960002,111304.7999999997,30004.399999999998
177428901.06960002,111304.7999999997,30004.399999999998
177428903.06960002,111304.7999999997,30004.399999999998
177428905.06960002,111304.7999999997,30004.399999999998
177428907.06960002,111304.7999999997,30004.399999999998
177428909.06960002,111304.7999999997,30004.399999999998
177428911.06960002,111304.69999999969,30004.399999999998
177428913.06960002,111304.69999999969,30004.399999999998
177428915.06960002,111304.69999999969,30004.399999999998
177428917.06960002,111304.69999999969,30004.399999999998
177428919.06960002,111304.69999999969,30004.399999999998
177428921.06960002,111304.69999999969,30004.399999999998
177428923.06960002,111304.69999999969,30004.399999999998
177428925.06960002,111304.69999999969,30004.399999999998
177428927.06960002,111304.69999999969,30004.399999999998
177428929.06960002,111304.69999999969,30004.399999999998
177428931.06960002,111304.69999999969,30004.399999999998
177428933.06960002,111304.69999999969,30004.399999999998
177428935.06960002,111304.69999999969,30004.399999999998
177428937.06960002,111304.69999999969,30004.399999999998
177428939.06960002,111304.69999999969,30004.399999999998
177428941.06960002,111304.69999999969,30004.399999999998
177428943.06960002,111304.69999999969,30004.399999999998
177428945.06960002,111304.69999999969,30004.399999999998
177428947.06960002,111304.69999999969,30004.399999999998
177428949.06960002,111304.69999999969,30004.399999999998
177428951.06960002,111304.69999999969,30004.399999999998
177428953.06960002,111304.69999999969,30004.399999999998
177428955.06960002,111304.69999999969,30004.399999999998
177428957.06960002,111304.59999999969,30004.399999999998
177428959.06960002,111304.59999999969,30004.399999999998
177428961.06960002,111304.59999999969,30004.399999999998
177428963.06960002,111304.59999999969,30004.399999999998
177428965.06960002,111304.59999999969,30004.399999999998
177428967.06960002,111304.59999999969,30004.399999999998
177428969.06960002,111304.59999999969,30004.399999999998
177428971.06960002,111304.59999999969,30004.399999999998
177428973.06960002,111304.59999999969,30004.399999999998
177428975.06960002,111304.59999999969,30004.399999999998
177428977.06960002,111304.59999999969,30004.399999999998
177428979.06960002,111304.59999999969,30004.399999999998
177428981.06960002,111304.59999999969,30004.399999999998
177428983.06960002,111304.59999999969,30004.399999999998
177428985.06960002,111304.59999999969,30004.399999999998
177428987.06960002,111304.59999999969,30004.399999999998
177428989.06960002,111304.59999999969,30004.399999999998
177428991.06960002,111304.59999999969,30004.399999999998
177428993.06960002,111304.59999999969,30004.399999999998
177428995.06960002,111304.59999999969,30004.399999999998
177428997.06960002,111304.59999999969,30004.399999999998
177428999.06960002,111304.59999999969,30004.399999999998
177429001.06960002,111304.59999999969,30004.399999999998
177429003.06960002,111304.49999999968,30004.399999999998
177429005.06960002,111304.49999999968,30004.399999999998
177429007.06960002,111304.49999999968,30004.399999999998
177429009.06960002,111304.49999999968,30004.399999999998
177429011.06960002,111304.49999999968,30004.399999999998
177429013.06960002,111304.49999999968,30004.399999999998
177429015.06960002,111304.49999999968,30004.399999999998
177429017.06960002,111304.39999999967,30004.399999999998
177429019.06960002,111304.29999999967,30004.399999999998
177429021.06960002,111304.29999999967,30004.399999999998
177429023.06960002,111304.29999999967,30004.399999999998
177429025.06960002,111304.29999999967,30004.399999999998
177429027.06960002,111304.29999999967,30004.399999999998
177429029.06960002,111304.29999999967,30004.399999999998
177429031.06960002,111304.29999999967,30004.399999999998
177429033.06960002,111304.29999999967,30004.399999999998
177429035.06960002,111304.29999999967,30004.399999999998
177429037.06960002,111304.29999999967,30004.399999999998
177429039.06960002,111304.29999999967,30004.399999999998
177429041.06960002,111304.29999999967,30004.399999999998
177429043.06960002,111304.29999999967,30004.399999999998
177429045.06960002,111304.29999999967,30004.399999999998
177429047.06960002,111304.29999999967,30004.399999999998
177429049.06960002,111304.29999999967,30004.399999999998
177429051.06960002,111304.29999999967,30004.399999999998
177429053.06960002,111304.29999999967,30004.399999999998
177429055.06960002,111304.29999999967,30004.399999999998
177429057.06960002,111304.29999999967,30004.399999999998
177429059.06960002,111304.29999999967,30004.399999999998
177429061.06960002,111304.29999999967,30004.399999999998
177429063.06960002,111304.29999999967,30004.399999999998
177429065.1696,111304.29999999967,30004.399999999998
177429067.06960002,111304.29999999967,30004.399999999998
177429069.06960002,111304.29999999967,30004.399999999998
177429071.06960002,111304.29999999967,30004.399999999998
177429073.06960002,111304.29999999967,30004.399999999998
177429075.06960002,111304.29999999967,30004.399999999998
177429077.06960002,111304.29999999967,30004.399999999998
177429079.06960002,103174.29999999967,30004.399999999998
177429081.06960002,103174.29999999967,30004.399999999998
177429083.06960002,103174.29999999967,30004.399999999998
177429085.06960002,95857.29999999967,30004.399999999998
177429087.06960002,95857.19999999966,30004.399999999998
177429089.06960002,95857.19999999966,30004.399999999998
177429091.06960002,95857.19999999966,30004.399999999998
177429093.06960002,95857.19999999966,30004.399999999998
177429095.06960002,95857.19999999966,30004.399999999998
177429097.06960002,95857.19999999966,30004.399999999998
177429099.06960002,95857.19999999966,30004.399999999998
177429101.06960002,95857.19999999966,30004.399999999998
177429103.06960002,95857.19999999966,30004.399999999998
177429105.06960002,95857.19999999966,30004.399999999998
177429107.06960002,95857.19999999966,30004.399999999998
177429109.06960002,95857.09999999966,30004.399999999998
177429111.06960002,95857.09999999966,30004.399999999998
177429113.06960002,95857.09999999966,30004.399999999998
177429115.06960002,95857.09999999966,30004.399999999998
177429117.06960002,95857.09999999966,30004.399999999998
177429119.06960002,95857.09999999966,30004.399999999998
177429121.06960002,95857.09999999966,30004.399999999998
177429123.06960002,95857.09999999966,30004.399999999998
177429125.06960002,95857.09999999966,30004.399999999998
177429127.06960002,95857.09999999966,30004.399999999998
177429129.06960002,95857.09999999966,30004.399999999998
177429131.06960002,95857.09999999966,30004.399999999998
177429133.06960002,95857.09999999966,30004.399999999998
177429135.06960002,95857.09999999966,30004.399999999998
177429137.06960002,95856.99999999965,30004.399999999998
177429139.06960002,95856.99999999965,30004.399999999998
177429141.06960002,95856.99999999965,30004.399999999998
177429143.06960002,95856.99999999965,30004.399999999998
177429145.06960002,95856.99999999965,30004.399999999998
177429147.06960002,95856.99999999965,30004.399999999998
177429149.06960002,95856.99999999965,30004.399999999998
177429151.06960002,95856.99999999965,30004.399999999998
177429153.06960002,95856.99999999965,30004.399999999998
177429155.06960002,95856.99999999965,30004.399999999998
177429157.06960002,95856.99999999965,30004.399999999998
177429159.06960002,95856.99999999965,30004.399999999998
177429161.06960002,95856.99999999965,30004.399999999998
177429163.06960002,95856.99999999965,30004.399999999998
177429165.06960002,95856.99999999965,30004.399999999998
177429167.06960002,95856.99999999965,30004.399999999998
177429169.06960002,95856.99999999965,30004.399999999998
177429171.06960002,95856.99999999965,30004.399999999998
177429173.06960002,95856.99999999965,30004.399999999998
177429175.06960002,95856.99999999965,30004.399999999998
177429177.06960002,95856.99999999965,30004.399999999998
177429179.06960002,95856.99999999965,30004.399999999998
177429181.06960002,95856.99999999965,30004.399999999998
177429183.06960002,95856.99999999965,30004.399999999998
177429185.06960002,95856.99999999965,30004.399999999998
177429187.06960002,95856.99999999965,30004.399999999998
177429189.06960002,95856.99999999965,30004.399999999998
177429191.06960002,95856.99999999965,30004.399999999998
177429193.06960002,95856.99999999965,30004.399999999998
177429195.06960002,95856.99999999965,30004.399999999998
177429197.06960002,95856.99999999965,30004.399999999998
177429199.06960002,95856.99999999965,30004.399999999998
177429201.06960002,95856.99999999965,30004.399999999998
177429203.06960002,95856.99999999965,30004.399999999998
177429205.06960002,95856.99999999965,30004.399999999998
177429207.06960002,95856.99999999965,30004.399999999998
177429209.06960002,95856.89999999964,30004.399999999998
177429211.06960002,95856.89999999964,30004.399999999998
177429213.06960002,95856.89999999964,30004.399999999998
177429215.06960002,95856.89999999964,30004.399999999998
177429217.06960002,95856.89999999964,30004.399999999998
177429219.06960002,95856.89999999964,30004.399999999998
177429221.06960002,95856.89999999964,30004.399999999998
177429223.06960002,95856.89999999964,30004.399999999998
177429225.06960002,95856.89999999964,30004.399999999998
177429227.06960002,95856.89999999964,30004.399999999998
177429229.06960002,95856.89999999964,30004.399999999998
177429231.06960002,95856.89999999964,30004.399999999998
177429233.06960002,95856.89999999964,30004.399999999998
177429235.06960002,95856.89999999964,30004.399999999998
177429237.06960002,95856.89999999964,30004.399999999998
177429239.06960002,95856.89999999964,30004.399999999998
177429241.06960002,95856.89999999964,30004.399999999998
177429243.06960002,95856.89999999964,30004.399999999998
177429245.06960002,95856.89999999964,30004.399999999998
177429247.06960002,95856.89999999964,30004.399999999998
177429249.06960002,95856.89999999964,30004.399999999998
177429251.06960002,95856.89999999964,30004.399999999998
177429253.06960002,95856.89999999964,30004.399999999998
177429255.06960002,95856.69999999965,30004.399999999998
177429257.06960002,95856.69999999965,30004.399999999998
177429259.06960002,95856.69999999965,30004.399999999998
177429261.06960002,95856.69999999965,30004.399999999998
177429263.06960002,95856.69999999965,30004.399999999998
177429265.06960002,95856.69999999965,30004.399999999998
177429267.06960002,95856.59999999964,30004.399999999998
177429269.06960002,95856.59999999964,30004.399999999998
177429271.06960002,95856.49999999964,30004.399999999998
177429273.06960002,95856.49999999964,30004.399999999998
177429275.06960002,95856.49999999964,30004.399999999998
177429277.06960002,95856.49999999964,30004.399999999998
177429279.06960002,95856.49999999964,30004.399999999998
177429281.06960002,95856.49999999964,30004.399999999998
177429283.06960002,95856.49999999964,30004.3
177429285.06960002,95856.49999999964,30004.3
177429287.06960002,95856.49999999964,30004.3
177429289.06960002,95856.49999999964,30004.3
177429291.06960002,95856.49999999964,30004.3
177429293.06960002,95856.49999999964,30004.3
177429295.06960002,95856.49999999964,30004.3
177429297.06960002,95856.49999999964,30004.3
177429299.06960002,95856.49999999964,30004.3
177429301.06960002,95856.49999999964,30004.3
177429303.06960002,95856.49999999964,30004.3
177429305.06960002,95856.49999999964,30004.3
177429307.06960002,95856.49999999964,30004.3
177429309.06960002,95856.49999999964,30004.3
177429311.06960002,95856.49999999964,30004.3
177429313.06960002,95856.49999999964,30004.3
177429315.06960002,95856.49999999964,30004.3
177429317.06960002,95856.49999999964,30004.3
177429319.06960002,95856.49999999964,30004.3
177429321.06960002,95856.49999999964,30004.3
177429323.06960002,95856.49999999964,30004.3
177429325.06960002,95856.49999999964,30004.3
177429327.06960002,95856.49999999964,30004.3
177429329.06960002,95856.49999999964,30004.3
177429331.06960002,95856.49999999964,30004.3
177429333.06960002,95856.49999999964,30004.3
177429335.06960002,95856.49999999964,30004.3
177429337.06960002,95856.49999999964,30004.3
177429339.06960002,95856.49999999964,30004.3
177429341.06960002,95856.49999999964,30004.3
177429343.06960002,95856.49999999964,30004.3
177429345.06960002,95856.49999999964,30004.3
177429347.06960002,95856.49999999964,30004.3
177429349.06960002,95856.49999999964,30004.3
177429351.06960002,95856.49999999964,30004.3
177429353.06960002,95856.49999999964,30004.3
177429355.06960002,95856.49999999964,30004.3
177429357.06960002,95856.49999999964,30004.3
177429359.06960002,95856.49999999964,30004.3
177429361.06960002,95856.49999999964,30004.3
177429363.06960002,95856.49999999964,30004.3
177429365.06960002,95856.49999999964,30004.3
177429367.06960002,95856.49999999964,30004.3
177429369.06960002,95856.49999999964,30004.3
177429371.06960002,95856.49999999964,30004.3
177429373.06960002,95856.49999999964,30004.3
177429375.06960002,95856.49999999964,30004.3
177429377.06960002,95856.49999999964,30004.3
177429379.06960002,95856.49999999964,30004.3
177429381.06960002,95856.49999999964,30004.3
177429383.06960002,95856.49999999964,30004.3
177429385.06960002,95856.49999999964,30004.3
177429387.06960002,95856.49999999964,30004.3
177429389.06960002,95856.39999999963,30004.3
177429391.06960002,95856.39999999963,30004.3
177429393.06960002,95856.39999999963,30004.3
177429395.06960002,95856.39999999963,30004.3
177429397.06960002,95856.89999999963,30004.3
177429399.06960002,95856.89999999963,30004.3
177429401.06960002,95856.89999999963,30004.3
177429403.06960002,95856.89999999963,30004.3
177429405.06960002,95856.89999999963,30004.3
177429407.06960002,95856.89999999963,30004.3
177429409.06960002,95856.79999999962,30004.3
177429411.06960002,95856.79999999962,30004.3
177429413.06960002,95856.79999999962,30004.3
177429415.06960002,95856.79999999962,30004.3
177429417.06960002,95856.79999999962,30004.3
177429419.06960002,95856.79999999962,30004.3
177429421.06960002,95856.79999999962,30004.3
177429423.06960002,95856.79999999962,30004.3
177429425.06960002,95856.79999999962,30004.3
177429427.06960002,95856.79999999962,30004.3
177429429.06960002,95856.79999999962,30004.3
177429431.06960002,95856.79999999962,30004.3
177429433.06960002,95856.79999999962,30004.3
177429435.06960002,95856.79999999962,30004.3
177429437.06960002,95856.79999999962,30004.3
177429439.06960002,95856.79999999962,30004.3
177429441.06960002,95856.79999999962,30004.3
177429443.06960002,95856.79999999962,30004.3
177429445.06960002,95856.79999999962,30004.3
177429447.06960002,95856.79999999962,30004.3
177429449.06960002,95856.79999999962,30004.3
177429451.06960002,95856.79999999962,30004.3
177429453.06960002,95856.79999999962,30004.3
177429455.06960002,95856.79999999962,30004.3
177429457.06960002,95856.79999999962,30004.3
177429459.06960002,95856.79999999962,30004.3
177429461.06960002,95856.79999999962,30004.3
177429463.06960002,95856.79999999962,30004.3
177429465.06960002,95856.79999999962,30004.3
177429467.06960002,95856.79999999962,30004.3
177429469.06960002,95856.79999999962,30004.3
177429471.06960002,95856.79999999962,30004.3
177429473.06960002,95856.79999999962,30004.3
177429475.06960002,95856.79999999962,30004.3
177429477.06960002,95856.79999999962,30004.3
177429479.06960002,95856.79999999962,30004.3
177429481.06960002,95856.79999999962,30004.3
177429483.06960002,95856.79999999962,30004.3
177429485.06960002,95856.79999999962,30004.3
177429487.06960002,95856.79999999962,30004.3
177429489.06960002,95856.79999999962,30004.3
177429491.06960002,95856.79999999962,30004.3
177429493.06960002,95856.79999999962,30004.3
177429495.06960002,95856.79999999962,30004.3
177429497.06960002,95856.79999999962,30004.3
177429499.06960002,95856.79999999962,30004.3
177429501.06960002,95856.79999999962,30004.3
177429503.06960002,95856.79999999962,30004.3
177429505.06960002,95856.79999999962,30004.3
177429507.06960002,95856.79999999962,30004.3
177429509.06960002,95856.79999999962,30004.3
177429511.06960002,95856.79999999962,30004.3
177429513.06960002,95856.79999999962,30004.3
177429515.06960002,95856.79999999962,30004.3
177429517.06960002,95856.79999999962,30004.3
177429519.06960002,95856.79999999962,30004.3
177429521.06960002,95856.79999999962,30004.3
177429523.06960002,95856.79999999962,30004.3
177429525.06960002,95856.69999999962,30004.3
177429527.06960002,95856.69999999962,30004.3
177429529.06960002,95856.69999999962,30004.3
177429531.06960002,95856.69999999962,30004.3
177429533.06960002,95856.69999999962,30004.3
177429535.06960002,95856.69999999962,30004.3
177429537.06960002,95856.69999999962,30004.3
177429539.06960002,95856.69999999962,30004.3
177429541.06960002,95856.69999999962,30004.3
177429543.06960002,95856.69999999962,30004.3
177429545.06960002,95856.69999999962,30004.3
177429547.06960002,95856.69999999962,30004.3
177429549.06960002,95856.69999999962,30004.3
177429551.06960002,95856.69999999962,30004.3
177429553.06960002,95856.69999999962,30004.3
177429555.06960002,95856.69999999962,30004.3
177429557.06960002,95856.69999999962,30004.3
177429559.06960002,95856.69999999962,30004.3
177429561.06960002,95856.69999999962,30004.3
177429563.06960002,95856.69999999962,30004.3
177429565.06960002,95856.69999999962,30004.3
177429567.06960002,95856.69999999962,30004.3
177429569.06960002,95856.69999999962,30004.3
177429571.06960002,95856.69999999962,30004.3
177429573.06960002,95856.69999999962,30004.3
177429575.06960002,95856.69999999962,30004.3
177429577.06960002,95856.69999999962,30004.3
177429579.06960002,95856.69999999962,30004.3
177429581.06960002,95856.69999999962,30004.3
177429583.06960002,95856.69999999962,30004.3
177429585.06960002,95856.69999999962,30004.3
177429587.06960002,95856.69999999962,30004.3
177429589.06960002,95856.69999999962,30004.3
177429591.06960002,95856.69999999962,30004.3
177429593.06960002,95856.69999999962,30004.3
177429595.06960002,95856.69999999962,30004.3
177429597.06960002,95856.69999999962,30004.3
177429599.06960002,95856.69999999962,30004.3
177429601.06960002,95856.69999999962,30004.3
177429603.06960002,95856.69999999962,30004.3
177429605.06960002,95856.69999999962,30004.3
177429607.06960002,95856.69999999962,30004.3
177429609.06960002,95856.69999999962,30004.3
177429611.06960002,95856.69999999962,30004.3
177429613.06960002,95856.69999999962,30004.3
177429615.06960002,95856.69999999962,30004.3
177429617.06960002,95856.69999999962,30004.3
177429619.06960002,95856.69999999962,30004.3
177429621.06960002,95856.69999999962,30004.3
177429623.06960002,95856.69999999962,30004.3
177429625.06960002,95856.69999999962,30004.3
177429627.06960002,95856.69999999962,30004.3
177429629.06960002,95856.69999999962,30004.3
177429631.06960002,95856.69999999962,30004.3
177429633.06960002,95856.69999999962,30004.3
177429635.06960002,95856.69999999962,30004.3
177429637.06960002,95856.69999999962,30004.3
177429639.06960002,95856.69999999962,30004.3
177429641.06960002,95856.69999999962,30004.3
177429643.06960002,95856.69999999962,30004.3
177429645.06960002,95856.69999999962,30004.3
177429647.06960002,95856.69999999962,30004.3
177429649.06960002,95856.69999999962,30004.3
177429651.06960002,95856.69999999962,30004.3
177429653.06960002,95856.69999999962,30004.3
177429655.06960002,95856.69999999962,30004.3
177429657.06960002,95856.69999999962,30004.3
177429659.06960002,95856.69999999962,30004.3
177429661.06960002,95856.69999999962,30004.3
177429663.06960002,95856.69999999962,30004.3
177429665.06960002,95856.69999999962,30004.3
177429667.06960002,95856.69999999962,30004.3
177429669.06960002,95856.69999999962,30004.3
177429671.06960002,95856.69999999962,30004.3
177429673.06960002,95856.69999999962,30004.3
177429675.06960002,95856.69999999962,30004.3
177429677.06960002,95856.69999999962,30004.3
177429679.06960002,95856.69999999962,30004.3
177429681.06960002,95856.69999999962,30004.3
177429683.06960002,95856.69999999962,30004.3
177429685.06960002,95856.69999999962,30004.3
177429687.06960002,95856.69999999962,30004.3
177429689.06960002,95856.69999999962,30004.3
177429691.06960002,95856.69999999962,30004.3
177429693.06960002,95856.79999999962,30004.3
177429695.06960002,95856.79999999962,30004.3
177429697.06960002,95856.79999999962,30004.3
177429699.06960002,95856.79999999962,30004.3
177429701.06960002,95856.79999999962,30004.3
177429703.06960002,95856.79999999962,30004.3
177429705.06960002,95856.79999999962,30004.3
177429707.06960002,95856.79999999962,30004.3
177429709.06960002,95856.79999999962,30004.3
177429711.06960002,95856.79999999962,30004.3
177429713.06960002,95856.79999999962,30004.3
177429715.06960002,95856.79999999962,30004.3
177429717.06960002,95856.79999999962,30004.3
177429719.06960002,95856.79999999962,30004.3
177429721.06960002,95856.79999999962,30004.3
177429723.06960002,95856.79999999962,30004.3
177429725.06960002,95856.79999999962,30004.3
177429727.06960002,95856.79999999962,30004.3
177429729.06960002,95856.79999999962,30004.3
177429731.06960002,95856.79999999962,30004.3
177429733.06960002,95856.69999999962,30004.3
177429735.06960002,95856.69999999962,30004.3
177429737.06960002,95856.59999999961,30004.3
177429739.06960002,95856.59999999961,30004.3
177429741.06960002,95856.59999999961,30004.3
177429743.06960002,95856.59999999961,30004.3
177429745.06960002,95856.59999999961,30004.3
177429747.06960002,95856.59999999961,30004.3
177429749.06960002,95856.59999999961,30004.3
177429751.06960002,95856.59999999961,30004.3
177429753.06960002,95856.59999999961,30004.3
177429755.06960002,95856.59999999961,30004.3
177429757.06960002,95856.59999999961,30004.3
177429759.06960002,95856.59999999961,30004.3
177429761.06960002,95856.4999999996,30004.3
177429763.06960002,95856.4999999996,30004.3
177429765.06960002,95856.4999999996,30004.3
177429767.06960002,95856.4999999996,30004.3
177429769.06960002,95856.4999999996,30004.3
177429771.06960002,95856.4999999996,30004.3
177429773.06960002,95856.4999999996,30004.3
177429775.06960002,95856.4999999996,30004.3
177429777.06960002,95856.4999999996,30004.3
177429779.06960002,95856.4999999996,30004.399999999998
177429781.06960002,95856.4999999996,30004.399999999998
177429783.06960002,95856.4999999996,30004.399999999998
177429785.06960002,95856.4999999996,30004.399999999998
177429787.06960002,95856.4999999996,30004.399999999998
177429789.06960002,95856.4999999996,30004.399999999998
177429791.06960002,95856.4999999996,30004.399999999998
177429793.06960002,95856.4999999996,30004.399999999998
177429795.06960002,95856.4999999996,30004.399999999998
177429797.06960002,95856.4999999996,30004.399999999998
177429799.06960002,95856.4999999996,30004.399999999998
177429801.06960002,95856.4999999996,30004.399999999998
177429803.06960002,95856.4999999996,30004.399999999998
177429805.06960002,95856.4999999996,30004.399999999998
177429807.06960002,95856.4999999996,30004.399999999998
177429809.06960002,95856.4999999996,30004.399999999998
177429811.06960002,95856.4999999996,30004.399999999998
177429813.06960002,95856.4999999996,30004.399999999998
177429815.06960002,95856.6999999996,30004.399999999998
177429817.06960002,95856.6999999996,30004.399999999998
177429819.06960002,95856.6999999996,30004.399999999998
177429821.06960002,95856.6999999996,30004.399999999998
177429823.06960002,95856.6999999996,30004.399999999998
177429825.06960002,95856.6999999996,30004.399999999998
177429827.06960002,95856.6999999996,30004.399999999998
177429829.06960002,95856.6999999996,30004.399999999998
177429831.06960002,95856.6999999996,30004.399999999998
177429833.06960002,95856.6999999996,30004.399999999998
177429835.06960002,95856.6999999996,30004.399999999998
177429837.06960002,95856.6999999996,30004.399999999998
177429839.06960002,95856.6999999996,30004.399999999998
177429841.06960002,95856.6999999996,30004.399999999998
177429843.06960002,95856.6999999996,30004.399999999998
177429845.06960002,95856.6999999996,30004.399999999998
177429847.06960002,95856.6999999996,30004.399999999998
177429849.06960002,95856.5999999996,30004.399999999998
177429851.06960002,95856.5999999996,30004.399999999998
177429853.06960002,95856.5999999996,30004.399999999998
177429855.06960002,95856.5999999996,30004.399999999998
177429857.06960002,95856.5999999996,30004.399999999998
177429859.06960002,95856.5999999996,30004.399999999998
177429861.06960002,95856.5999999996,30004.399999999998
177429863.06960002,95856.5999999996,30004.399999999998
177429865.06960002,95856.5999999996,30004.399999999998
177429867.06960002,95856.5999999996,30004.399999999998
177429869.06960002,95856.5999999996,30004.399999999998
177429871.06960002,95856.5999999996,30004.399999999998
177429873.06960002,95856.5999999996,30004.399999999998
177429875.06960002,95856.5999999996,30004.399999999998
177429877.06960002,95856.5999999996,30004.399999999998
177429879.06960002,95856.5999999996,30004.399999999998
177429881.06960002,95856.5999999996,30004.399999999998
177429883.06960002,95856.5999999996,30004.399999999998
177429885.06960002,95856.5999999996,30004.399999999998
177429887.06960002,95856.5999999996,30004.399999999998
177429889.06960002,95856.5999999996,30004.399999999998
177429891.06960002,95856.5999999996,30004.399999999998
177429893.06960002,95856.5999999996,30004.399999999998
177429895.06960002,95856.5999999996,30004.399999999998
177429897.06960002,95856.5999999996,30004.399999999998
177429899.06960002,95856.5999999996,30004.399999999998
177429901.06960002,95856.5999999996,30004.399999999998
177429903.06960002,95856.5999999996,30004.399999999998
177429905.06960002,95856.5999999996,30004.399999999998
177429907.06960002,95856.5999999996,30004.399999999998
177429909.06960002,95856.5999999996,30004.399999999998
177429911.06960002,95856.5999999996,30004.399999999998
177429913.06960002,95856.5999999996,30004.399999999998
177429915.06960002,95856.5999999996,30004.399999999998
177429917.06960002,95856.5999999996,30004.399999999998
177429919.06960002,95856.5999999996,30004.399999999998
177429921.06960002,95856.5999999996,30004.399999999998
177429923.06960002,95856.5999999996,30004.399999999998
177429925.06960002,95856.5999999996,30004.399999999998
177429927.06960002,95856.5999999996,30004.399999999998
177429929.06960002,95856.5999999996,30004.399999999998
177429931.06960002,95856.5999999996,30004.399999999998
177429933.06960002,95856.5999999996,30004.399999999998
177429935.06960002,95856.5999999996,30004.399999999998
177429937.06960002,95856.5999999996,30004.3
177429939.06960002,95856.5999999996,30004.5
177429941.06960002,95856.5999999996,30004.5
177429943.06960002,95856.5999999996,30004.5
177429945.06960002,95856.5999999996,30004.5
177429947.06960002,95856.5999999996,30004.5
177429949.06960002,95856.5999999996,30004.5
177429951.06960002,95856.5999999996,30004.5
177429953.06960002,95856.5999999996,30004.5
177429955.06960002,95856.5999999996,30004.5
177429957.06960002,95856.5999999996,30004.5
177429959.06960002,95856.5999999996,30004.5
177429961.06960002,95856.5999999996,30004.5
177429963.06960002,95856.5999999996,30004.5
177429965.06960002,95856.5999999996,30004.5
177429967.06960002,95856.5999999996,30004.5
177429969.06960002,95856.5999999996,30004.5
177429971.06960002,95856.5999999996,30004.5
177429973.06960002,95856.49999999959,30004.5
177429975.06960002,95856.49999999959,30004.5
177429977.06960002,95856.39999999959,30004.5
177429979.06960002,95856.39999999959,30004.5
177429981.06960002,95856.39999999959,30004.5
177429983.06960002,95856.39999999959,30004.5
177429985.06960002,95856.39999999959,30004.5
177429987.06960002,95856.39999999959,30004.5
177429989.06960002,95856.39999999959,30004.5
177429991.06960002,95856.39999999959,30004.5
177429993.06960002,95856.39999999959,30004.5
177429995.06960002,95856.39999999959,30004.5
177429997.06960002,89999.99999999959,30004.5
177429999.06960002,89999.99999999959,30004.5
177430001.06960002,89999.99999999959,30004.5
177430003.06960002,89999.99999999959,30004.5
177430005.06960002,89999.99999999959,30004.5
177430007.06960002,89999.99999999959,30004.5
177430009.06960002,89999.99999999959,30004.5
177430011.06960002,89999.99999999959,30004.5
177430013.06960002,89999.99999999959,30004.5
177430015.06960002,89999.99999999959,30004.5
177430017.06960002,89999.99999999959,30004.5
177430019.06960002,89999.99999999959,30004.5
177430021.06960002,89999.99999999959,30004.5
177430023.06960002,89999.99999999959,30004.5
177430025.06960002,89999.99999999959,30004.5
177430027.06960002,89999.99999999959,30004.5
177430029.06960002,89999.99999999959,30004.5
177430031.06960002,89999.99999999959,30004.5
177430033.06960002,89999.99999999959,30004.5
177430035.06960002,89999.99999999959,30004.5
177430037.06960002,89999.99999999959,30004.5
177430039.06960002,89999.99999999959,30004.5
177430041.06960002,89999.99999999959,30004.5
177430043.06960002,89999.89999999959,30004.5
177430045.06960002,89999.89999999959,30004.5
177430047.06960002,89999.89999999959,30004.5
177430049.06960002,89999.89999999959,30004.5
177430051.06960002,89999.79999999958,30004.5
177430053.06960002,89999.79999999958,30004.5
177430055.06960002,89999.79999999958,30004.5
177430057.06960002,89999.79999999958,30004.5
177430059.06960002,89999.79999999958,30004.5
177430061.06960002,89999.79999999958,30004.5
177430063.06960002,89999.79999999958,30004.5
177430065.06960002,89999.79999999958,30004.5
177430067.06960002,89999.79999999958,30004.5
177430069.06960002,89999.79999999958,30004.5
177430071.06960002,89999.79999999958,30004.5
177430073.06960002,89999.79999999958,30004.5
177430075.06960002,89999.79999999958,30004.5
177430077.06960002,89999.79999999958,30004.5
177430079.06960002,89999.79999999958,30004.5
177430081.06960002,89999.79999999958,30004.5
177430083.06960002,89999.79999999958,30004.5
177430085.06960002,89999.79999999958,30004.5
177430087.06960002,89999.79999999958,30004.5
177430089.06960002,89999.79999999958,30004.5
177430091.06960002,89999.79999999958,30004.5
177430093.06960002,89999.79999999958,30004.5
177430095.06960002,89999.79999999958,30004.5
177430097.06960002,89999.79999999958,30004.5
177430099.06960002,89999.79999999958,30004.5
177430101.06960002,89999.79999999958,30004.5
177430103.06960002,89999.79999999958,30004.5
177430105.06960002,89999.79999999958,30004.5
177430107.06960002,89999.79999999958,30004.5
177430109.06960002,89999.79999999958,30004.5
177430111.06960002,89999.79999999958,30004.5
177430113.06960002,89999.79999999958,30004.5
177430115.06960002,89999.69999999958,30004.5
177430117.06960002,89999.69999999958,30004.5
177430119.06960002,89999.69999999958,30004.5
177430121.06960002,89999.69999999958,30004.5
177430123.06960002,89999.69999999958,30004.5
177430125.06960002,89999.59999999957,30004.5
177430127.06960002,89999.59999999957,30004.5
177430129.06960002,89999.59999999957,30004.5
177430131.06960002,89999.59999999957,30004.5
177430133.06960002,89999.49999999956,30004.5
177430135.06960002,89999.49999999956,30004.5
177430137.06960002,89999.49999999956,30004.5
177430139.06960002,89999.49999999956,30004.5
177430141.06960002,89999.49999999956,30004.5
177430143.06960002,89999.49999999956,30004.5
177430145.06960002,89999.49999999956,30004.5
177430147.06960002,89999.49999999956,30004.5
177430149.1696,89999.49999999956,30004.5
177430151.06960002,89999.49999999956,30004.5
177430153.06960002,89999.49999999956,30004.5
177430155.06960002,89999.39999999956,30004.5
177430157.06960002,89999.39999999956,30004.5
177430159.06960002,89999.39999999956,30004.5
177430161.06960002,89999.39999999956,30004.5
177430163.06960002,89999.39999999956,30004.5
177430165.06960002,89999.39999999956,30004.5
177430167.06960002,89999.39999999956,30004.5
177430169.06960002,89999.39999999956,30004.5
177430171.06960002,89999.39999999956,30004.5
177430173.06960002,89999.39999999956,30004.5
177430175.06960002,89999.39999999956,30004.5
177430177.06960002,89999.29999999955,30004.5
177430179.06960002,89999.29999999955,30004.5
177430181.06960002,89999.29999999955,30004.5
177430183.06960002,89999.29999999955,30004.5
177430185.06960002,89999.29999999955,30004.5
177430187.06960002,89999.29999999955,30004.5
177430189.06960002,89999.29999999955,30004.5
177430191.06960002,89999.29999999955,30004.5
177430193.06960002,89999.29999999955,30004.5
177430195.06960002,89999.29999999955,30004.5
177430197.06960002,89999.29999999955,30004.5
177430199.06960002,89999.29999999955,30004.5
177430201.06960002,89999.29999999955,30004.5
177430203.06960002,89999.29999999955,30004.5
177430205.06960002,89999.29999999955,30004.5
177430207.06960002,89999.29999999955,30004.5
177430209.06960002,89999.29999999955,30004.5
177430211.06960002,89999.29999999955,30004.5
177430213.06960002,89999.29999999955,30004.5
177430215.06960002,89999.29999999955,30004.5
177430217.06960002,89999.29999999955,30004.5
177430219.06960002,89999.29999999955,30004.5
177430221.06960002,89999.29999999955,30004.5
177430223.06960002,89999.29999999955,30004.5
177430225.06960002,89999.29999999955,30004.5
177430227.06960002,89999.29999999955,30004.5
177430229.06960002,89999.29999999955,30004.5
177430231.06960002,89999.19999999955,30004.5
177430233.06960002,89999.19999999955,30004.5
177430235.06960002,89999.19999999955,30004.5
177430237.06960002,89999.19999999955,30004.5
177430239.06960002,89999.19999999955,30004.5
177430241.06960002,89999.19999999955,30004.5
177430243.06960002,89999.19999999955,30004.5
177430245.06960002,89999.19999999955,30004.5
177430247.06960002,89999.19999999955,30004.5
177430249.06960002,89999.19999999955,30004.5
177430251.06960002,89999.19999999955,30004.5
177430253.06960002,89999.19999999955,30004.5
177430255.06960002,89999.19999999955,30004.5
177430257.06960002,89999.19999999955,30004.5
177430259.06960002,89999.19999999955,30004.5
177430261.06960002,89999.19999999955,30004.5
177430263.06960002,89999.19999999955,30004.5
177430265.06960002,89999.19999999955,30004.5
177430267.06960002,89999.19999999955,30004.5
177430269.06960002,89999.19999999955,30004.5
177430271.06960002,89999.19999999955,30004.5
177430273.06960002,89999.19999999955,30004.5
177430275.06960002,89999.19999999955,30004.5
177430277.06960002,89999.09999999954,30004.5
177430279.06960002,89999.09999999954,30004.5
177430281.06960002,89999.09999999954,30004.5
177430283.06960002,89999.09999999954,30004.5
177430285.06960002,89999.09999999954,30004.5
177430287.06960002,89999.09999999954,30004.5
177430289.06960002,89999.09999999954,30004.5
177430291.06960002,89999.09999999954,30004.5
177430293.06960002,89999.09999999954,30004.5
177430295.06960002,89998.99999999953,30004.5
177430297.06960002,89998.99999999953,30004.5
177430299.06960002,89998.99999999953,30004.5
177430301.06960002,89998.99999999953,30004.5
177430303.06960002,89998.99999999953,30004.5
177430305.06960002,89998.99999999953,30004.5
177430307.06960002,89998.99999999953,30004.5
177430309.06960002,89998.99999999953,30004.5
177430311.06960002,89998.99999999953,30004.5
177430313.06960002,89998.99999999953,30004.5
177430315.06960002,89998.99999999953,30004.5
177430317.06960002,89998.99999999953,30004.5
177430319.06960002,89998.99999999953,30004.5
177430321.06960002,89998.99999999953,30004.5
177430323.06960002,89998.99999999953,30004.5
177430325.06960002,89998.99999999953,30004.5
177430327.06960002,89998.99999999953,30004.5
177430329.06960002,89998.99999999953,30004.5
177430331.06960002,89998.99999999953,30004.5
177430333.06960002,89998.99999999953,30004.5
177430335.06960002,89998.99999999953,30004.5
177430337.06960002,89998.99999999953,30004.5
177430339.06960002,89998.99999999953,30004.5
177430341.06960002,89998.99999999953,30004.5
177430343.06960002,89998.99999999953,30004.5
177430345.06960002,89998.99999999953,30004.5
177430347.06960002,89998.99999999953,30004.5
177430349.06960002,89998.99999999953,30004.5
177430351.06960002,89998.99999999953,30004.5
177430353.06960002,89998.99999999953,30004.5
177430355.06960002,89998.99999999953,30004.5
177430357.06960002,89998.99999999953,30004.5
177430359.06960002,89998.99999999953,30004.5
177430361.06960002,89998.99999999953,30004.5
177430363.06960002,89998.99999999953,30004.5
177430365.06960002,89998.99999999953,30004.5
177430367.06960002,89998.99999999953,30004.5
177430369.06960002,89998.99999999953,30004.5
177430371.06960002,89998.99999999953,30004.5
177430373.06960002,89998.99999999953,30004.5
177430375.06960002,89998.99999999953,30004.5
177430377.06960002,89998.99999999953,30004.5
177430379.06960002,89998.99999999953,30004.5
177430381.06960002,89998.99999999953,30004.5
177430383.06960002,89998.99999999953,30004.5
177430385.06960002,89998.99999999953,30004.5
177430387.06960002,89998.99999999953,30004.5
177430389.06960002,89998.99999999953,30004.5
177430391.06960002,89998.99999999953,30004.5
177430393.06960002,89998.99999999953,30004.5
177430395.06960002,89998.99999999953,30004.5
177430397.06960002,89998.99999999953,30004.5
177430399.06960002,89998.99999999953,30004.5
177430401.06960002,89998.99999999953,30004.5
177430403.06960002,89998.99999999953,30004.5
177430405.06960002,89998.99999999953,30004.5
177430407.06960002,89998.99999999953,30004.5
177430409.06960002,89998.99999999953,30004.5
177430411.06960002,89998.99999999953,30004.5
177430413.06960002,89998.99999999953,30004.5
177430415.06960002,89998.99999999953,30004.5
177430417.06960002,89998.99999999953,30004.5
177430419.06960002,89998.99999999953,30004.5
177430421.06960002,89998.99999999953,30004.5
177430423.06960002,89998.99999999953,30004.5
177430425.06960002,89998.99999999953,30004.5
177430427.06960002,89998.99999999953,30004.5
177430429.06960002,89998.99999999953,30004.5
177430431.06960002,89998.99999999953,30004.5
177430433.06960002,89998.99999999953,30004.5
177430435.06960002,89998.99999999953,30004.5
177430437.06960002,89998.99999999953,30004.5
177430439.06960002,89998.99999999953,30004.5
177430441.06960002,89998.99999999953,30004.5
177430443.06960002,89998.99999999953,30004.5
177430445.06960002,89998.99999999953,30004.5
177430447.06960002,89998.89999999953,30004.5
177430449.06960002,89998.89999999953,30004.5
177430451.06960002,89998.99999999953,30004.5
177430453.06960002,89998.99999999953,30004.5
177430455.06960002,89998.99999999953,30004.5
177430457.06960002,89998.99999999953,30004.5
177430459.06960002,89998.99999999953,30004.5
177430461.06960002,89998.99999999953,30004.5
177430463.06960002,89998.99999999953,30004.5
177430465.06960002,89998.99999999953,30004.5
177430467.06960002,89998.99999999953,30004.5
177430469.06960002,89998.99999999953,30004.5
177430471.06960002,89998.99999999953,30004.5
177430473.06960002,89998.99999999953,30004.5
177430475.06960002,89998.99999999953,30004.5
177430477.06960002,89998.99999999953,30004.5
177430479.06960002,89998.99999999953,30004.5
177430481.06960002,89998.99999999953,30004.5
177430483.06960002,89998.99999999953,30004.5
177430485.06960002,89998.99999999953,30004.5
177430487.06960002,89998.99999999953,30004.5
177430489.06960002,89998.99999999953,30004.5
177430491.06960002,89998.99999999953,30004.5
177430493.06960002,89998.89999999953,30004.5
177430495.06960002,89998.89999999953,30004.5
177430497.06960002,89998.89999999953,30004.5
177430499.06960002,89998.89999999953,30004.5
177430501.06960002,89998.89999999953,30004.5
177430503.06960002,89998.79999999952,30004.5
177430505.06960002,89998.79999999952,30004.5
177430507.06960002,89998.79999999952,30004.5
177430509.06960002,89998.79999999952,30004.5
177430511.06960002,89998.79999999952,30004.5
177430513.06960002,89998.79999999952,30004.5
177430515.06960002,89998.79999999952,30004.5
177430517.06960002,89998.79999999952,30004.5
177430519.06960002,89998.79999999952,30004.5
177430521.06960002,89998.79999999952,30004.5
177430523.06960002,89998.79999999952,30004.5
177430525.06960002,89998.79999999952,30004.5
177430527.06960002,89998.79999999952,30004.5
177430529.06960002,89998.79999999952,30004.5
177430531.06960002,89998.79999999952,30004.5
177430533.06960002,89998.79999999952,30004.5
177430535.06960002,89998.79999999952,30004.5
177430537.06960002,89998.79999999952,30004.5
177430539.06960002,89998.79999999952,30004.5
177430541.06960002,89998.79999999952,30004.5
177430543.06960002,89998.79999999952,30004.5
177430545.06960002,89998.79999999952,30004.5
177430547.06960002,89998.79999999952,30004.5
177430549.06960002,89998.79999999952,30004.5
177430551.06960002,89998.79999999952,30004.5
177430553.06960002,89998.79999999952,30004.5
177430555.06960002,89998.79999999952,30004.5
177430557.06960002,89998.79999999952,30004.5
177430559.06960002,89998.79999999952,30004.5
177430561.06960002,89998.79999999952,30004.5
177430563.06960002,89998.79999999952,30004.5
177430565.06960002,89998.79999999952,30004.5
177430567.06960002,89998.79999999952,30004.5
177430569.06960002,89998.79999999952,30004.5
177430571.06960002,89998.79999999952,30004.5
177430573.06960002,89998.79999999952,30004.5
177430575.06960002,89998.79999999952,30004.5
177430577.06960002,89998.79999999952,30004.5
177430579.06960002,89998.79999999952,30004.5
177430581.06960002,89998.79999999952,30004.5
177430583.06960002,89998.79999999952,30004.5
177430585.06960002,89998.79999999952,30004.5
177430587.06960002,89998.79999999952,30004.5
177430589.06960002,89998.79999999952,30004.5
177430591.06960002,89998.79999999952,30004.5
177430593.06960002,89998.79999999952,30004.5
177430595.06960002,89998.79999999952,30004.5
177430597.06960002,89998.79999999952,30004.5
177430599.06960002,89998.79999999952,30004.5
177430601.06960002,89998.79999999952,30004.5
177430603.06960002,89998.79999999952,30004.5
177430605.06960002,89998.79999999952,30004.5
177430607.06960002,89998.79999999952,30004.5
177430609.06960002,89998.79999999952,30004.5
177430611.06960002,89998.79999999952,30004.5
177430613.06960002,89998.79999999952,30004.5
177430615.06960002,89998.79999999952,30004.5
177430617.06960002,89998.79999999952,30004.5
177430619.06960002,89998.79999999952,30004.5
177430621.06960002,89998.79999999952,30004.5
177430623.06960002,89998.79999999952,30004.5
177430625.06960002,89998.79999999952,30004.5
177430627.06960002,89998.79999999952,30004.5
177430629.06960002,89998.79999999952,30004.5
177430631.06960002,89998.79999999952,30004.5
177430633.06960002,89998.79999999952,30004.5
177430635.06960002,89998.69999999952,30004.5
177430637.06960002,89998.69999999952,30004.5
177430639.06960002,89998.69999999952,30004.5
177430641.06960002,89998.69999999952,30004.5
177430643.06960002,89998.69999999952,30004.5
177430645.06960002,89998.69999999952,30004.5
177430647.06960002,89998.69999999952,30004.5
177430649.06960002,89998.69999999952,30004.5
177430651.06960002,89998.69999999952,30004.5
177430653.06960002,89998.69999999952,30004.5
177430655.06960002,89998.69999999952,30004.5
177430657.06960002,89998.69999999952,30004.5
177430659.06960002,89998.69999999952,30004.5
177430661.06960002,89998.69999999952,30004.5
177430663.06960002,89998.69999999952,30004.5
177430665.06960002,89998.69999999952,30004.5
177430667.06960002,89998.69999999952,30004.5
177430669.06960002,89998.69999999952,30004.5
177430671.06960002,89998.69999999952,30004.5
177430673.06960002,89998.69999999952,30004.5
177430675.06960002,89998.69999999952,30004.5
177430677.06960002,89998.69999999952,30004.5
177430679.06960002,89998.69999999952,30004.5
177430681.06960002,89998.69999999952,30004.5
177430683.06960002,89998.69999999952,30004.5
177430685.06960002,89998.69999999952,30004.5
177430687.06960002,89998.69999999952,30004.5
177430689.06960002,89998.69999999952,30004.5
177430691.06960002,89998.69999999952,30004.5
177430693.06960002,89998.69999999952,30004.5
177430695.06960002,89998.69999999952,30004.5
177430697.06960002,89998.69999999952,30004.5
177430699.06960002,89998.69999999952,30004.5
177430701.06960002,89998.69999999952,30004.5
177430703.06960002,89998.59999999951,30004.5
177430705.06960002,89998.59999999951,30004.5
177430707.06960002,89998.59999999951,30004.5
177430709.06960002,89998.59999999951,30004.5
177430711.06960002,89998.59999999951,30004.5
177430713.06960002,89998.59999999951,30004.5
177430715.06960002,89998.59999999951,30004.5
177430717.06960002,89998.59999999951,30004.5
177430719.06960002,89998.59999999951,30004.5
177430721.06960002,89998.59999999951,30004.5
177430723.06960002,89998.69999999952,30004.5
177430725.06960002,89998.69999999952,30004.5
177430727.06960002,89998.69999999952,30004.5
177430729.06960002,89998.69999999952,30004.5
177430731.06960002,89998.69999999952,30004.5
177430733.06960002,89998.69999999952,30004.5
177430735.06960002,89998.69999999952,30004.5
177430737.06960002,89998.69999999952,30004.5
177430739.06960002,89998.69999999952,30004.5
177430741.06960002,89998.69999999952,30004.5
177430743.06960002,89998.69999999952,30004.5
177430745.06960002,89998.59999999951,30004.5
177430747.06960002,89998.59999999951,30004.5
177430749.06960002,89998.59999999951,30004.5
177430751.06960002,89998.59999999951,30004.5
177430753.06960002,89998.59999999951,30004.5
177430755.06960002,89998.59999999951,30004.5
177430757.06960002,89998.59999999951,30004.5
177430759.06960002,89998.59999999951,30004.5
177430761.06960002,89998.59999999951,30004.5
177430763.06960002,89998.59999999951,30004.5
177430765.06960002,89998.59999999951,30004.5
177430767.06960002,89998.59999999951,30004.5
177430769.06960002,89998.59999999951,30004.5
177430771.06960002,89998.59999999951,30004.5
177430773.06960002,89998.59999999951,30004.5
177430775.06960002,89998.9999999995,30004.5
177430777.06960002,89998.9999999995,30004.5
177430779.1696,89998.8999999995,30004.5
177430781.06960002,89998.8999999995,30004.5
177430783.06960002,89998.8999999995,30004.5
177430785.06960002,89998.8999999995,30004.5
177430787.06960002,89998.8999999995,30004.5
177430789.06960002,89998.8999999995,30004.5
177430791.06960002,89998.8999999995,30004.5
177430793.06960002,89998.8999999995,30004.5
177430795.06960002,89998.7999999995,30004.5
177430797.06960002,89998.7999999995,30004.5
177430799.06960002,89998.7999999995,30004.5
177430801.06960002,89998.7999999995,30004.5
177430803.06960002,89998.7999999995,30004.5
177430805.06960002,89998.7999999995,30004.5
177430807.06960002,89998.7999999995,30004.5
177430809.06960002,89998.7999999995,30004.5
177430811.06960002,89998.7999999995,30004.5
177430813.06960002,89998.69999999949,30004.5
177430815.06960002,89998.69999999949,30004.5
177430817.06960002,89998.69999999949,30004.5
177430819.06960002,89998.69999999949,30004.5
177430821.06960002,89998.69999999949,30004.5
177430823.06960002,89998.69999999949,30004.5
177430825.06960002,89998.69999999949,30004.5
177430827.06960002,89998.69999999949,30004.5
177430829.06960002,89998.69999999949,30004.5
177430831.06960002,89998.69999999949,30004.5
177430833.06960002,89998.69999999949,30004.5
177430835.06960002,89998.69999999949,30004.5
177430837.06960002,89998.69999999949,30004.5
177430839.06960002,89998.69999999949,30004.5
177430841.06960002,89998.69999999949,30004.5
177430843.06960002,89998.69999999949,30004.5
177430845.06960002,89998.69999999949,30004.5
177430847.06960002,89998.69999999949,30004.5
177430849.06960002,89998.69999999949,30004.5
177430851.06960002,89998.69999999949,30004.5
177430853.06960002,89998.69999999949,30004.5
177430855.06960002,89998.69999999949,30004.5
177430857.06960002,89998.69999999949,30004.5
177430859.06960002,89998.69999999949,30004.5
177430861.06960002,89998.69999999949,30004.5
177430863.06960002,89998.69999999949,30004.5
177430865.06960002,89998.59999999948,30004.5
177430867.06960002,89998.49999999948,30004.5
177430869.06960002,89998.49999999948,30004.5
177430871.06960002,89998.49999999948,30004.5
177430873.06960002,89998.49999999948,30004.5
177430875.06960002,89998.49999999948,30004.5
177430877.06960002,89998.49999999948,30004.5
177430879.06960002,89998.49999999948,30004.5
177430881.06960002,89998.59999999948,30004.5
177430883.06960002,89998.59999999948,30004.5
177430885.06960002,89998.59999999948,30004.5
177430887.06960002,89998.59999999948,30004.5
177430889.06960002,89998.59999999948,30004.5
177430891.06960002,89998.59999999948,30004.5
177430893.06960002,89998.59999999948,30004.5
177430895.06960002,89998.59999999948,30004.5
177430897.06960002,89998.59999999948,30004.5
177430899.06960002,89998.59999999948,30004.5
177430901.06960002,89998.59999999948,30004.5
177430903.06960002,89998.59999999948,30004.5
177430905.06960002,89998.59999999948,30004.5
177430907.06960002,89998.59999999948,30004.5
177430909.06960002,89998.59999999948,30004.5
177430911.06960002,89998.59999999948,30004.5
177430913.06960002,89998.59999999948,30004.5
177430915.06960002,89998.59999999948,30004.5
177430917.06960002,89998.59999999948,30004.5
177430919.06960002,89998.59999999948,30004.5
177430921.06960002,89998.59999999948,30004.5
177430923.06960002,89998.59999999948,30004.5
177430925.06960002,89998.59999999948,30004.5
177430927.06960002,89998.59999999948,30004.5
177430929.06960002,89998.59999999948,30004.5
177430931.06960002,89998.59999999948,30004.5
177430933.06960002,89998.59999999948,30004.5
177430935.06960002,89998.59999999948,30004.5
177430937.06960002,89998.59999999948,30004.5
177430939.06960002,89998.59999999948,30004.5
177430941.06960002,89998.59999999948,30004.5
177430943.06960002,89998.59999999948,30004.5
177430945.06960002,89998.59999999948,30004.5
177430947.06960002,89998.59999999948,30004.5
177430949.06960002,89998.59999999948,30004.5
177430951.06960002,89998.59999999948,30004.5
177430953.06960002,89998.59999999948,30004.5
177430955.06960002,89998.59999999948,30004.5
177430957.06960002,89998.59999999948,30004.5
177430959.06960002,89998.59999999948,30004.5
177430961.06960002,89998.59999999948,30004.5
177430963.06960002,89998.59999999948,30004.5
177430965.06960002,89998.59999999948,30004.5
177430967.06960002,89998.59999999948,30004.5
177430969.06960002,89998.59999999948,30004.5
177430971.06960002,89998.59999999948,30004.5
177430973.06960002,89998.59999999948,30004.5
177430975.06960002,89998.59999999948,30004.5
177430977.06960002,89998.59999999948,30004.5
177430979.06960002,89998.59999999948,30004.5
177430981.06960002,89998.59999999948,30004.5
177430983.06960002,89998.59999999948,30004.5
177430985.06960002,89998.59999999948,30004.5
177430987.06960002,89998.59999999948,30004.5
177430989.06960002,89998.59999999948,30004.5
177430991.06960002,89998.59999999948,30004.5
177430993.06960002,89998.59999999948,30004.5
177430995.06960002,89998.59999999948,30004.5
177430997.06960002,89998.59999999948,30004.5
177430999.06960002,89998.59999999948,30004.5
177431001.06960002,89998.59999999948,30004.3
177431003.1696,89998.59999999948,30004.3
177431005.1696,89998.59999999948,30004.3
177431007.1696,89998.59999999948,30004.3
177431009.1696,89998.59999999948,30004.3
177431011.1696,89998.59999999948,30004.3
177431013.1696,89998.59999999948,30004.3
177431015.1696,89998.59999999948,30004.3
177431017.1696,89998.59999999948,30004.3
177431019.1696,89998.59999999948,30004.3
177431021.1696,89998.59999999948,30004.3
177431023.1696,89998.59999999948,30004.3
177431025.1696,89998.59999999948,30004.3
177431027.1696,89998.59999999948,30004.3
177431029.1696,89998.59999999948,30004.3
177431031.1696,89998.59999999948,30004.3
177431033.1696,89998.59999999948,30004.3
177431035.1696,89998.59999999948,30004.3
177431037.1696,89998.59999999948,30004.3
177431039.1696,89998.59999999948,30004.3
177431041.1696,89998.59999999948,30004.3
177431043.1696,89998.59999999948,30004.3
177431045.1696,89998.59999999948,30004.3
177431047.1696,89998.59999999948,30004.3
177431049.1696,89998.59999999948,30004.3
177431051.1696,89998.59999999948,30004.3
177431053.1696,89998.59999999948,30004.3
177431055.1696,89998.59999999948,30004.3
177431057.1696,89998.59999999948,30004.3
177431059.1696,89998.59999999948,30004.3
177431061.1696,89998.59999999948,30004.3
177431063.1696,89998.59999999948,30004.3
177431065.1696,89998.59999999948,30004.3
177431067.1696,89998.59999999948,30004.3
177431069.1696,89998.59999999948,30004.3
177431071.1696,89998.59999999948,30004.3
177431073.1696,89998.59999999948,30004.3
177431075.1696,89998.59999999948,30004.3
177431077.1696,89998.59999999948,30004.3
177431079.1696,89998.59999999948,30004.3
177431081.1696,89998.59999999948,30004.3
177431083.1696,89998.59999999948,30004.3
177431085.1696,89998.59999999948,30004.3
177431087.1696,89998.59999999948,30004.3
177431089.1696,89998.59999999948,30004.3
177431091.1696,89998.59999999948,30004.3
177431093.1696,89998.59999999948,30004.3
177431095.1696,89998.59999999948,30004.3
177431097.1696,89998.59999999948,30004.3
177431099.1696,89998.49999999948,30004.3
177431101.1696,89998.49999999948,30004.3
177431103.1696,89998.49999999948,30004.3
177431105.1696,89998.49999999948,30004.3
177431107.1696,89998.49999999948,30004.3
177431109.1696,89998.49999999948,30004.3
177431111.1696,89998.49999999948,30004.3
177431113.1696,89998.49999999948,30004.3
177431115.1696,89998.49999999948,30004.3
177431117.1696,89998.49999999948,30004.3
177431119.1696,89998.49999999948,30004.3
177431121.1696,89998.49999999948,30004.3
177431123.1696,89998.59999999948,30004.3
177431125.1696,89998.59999999948,30004.3
177431127.1696,89998.59999999948,30004.3
177431129.1696,89998.59999999948,30004.3
177431131.1696,89998.59999999948,30004.3
177431133.1696,89998.59999999948,30004.3
177431135.1696,89998.59999999948,30004.3
177431137.1696,89998.59999999948,30004.3
177431139.1696,89998.59999999948,30004.3
177431141.1696,89998.59999999948,30004.3
177431143.1696,89998.59999999948,30004.3
177431145.1696,89998.59999999948,30004.3
177431147.1696,89998.59999999948,30004.3
177431149.1696,89998.59999999948,30004.3
177431151.1696,89998.59999999948,30004.3
177431153.1696,89998.59999999948,30004.3
177431155.1696,89998.59999999948,30004.3
177431157.1696,89998.59999999948,30004.3
177431159.1696,89998.59999999948,30004.3
177431161.1696,89998.59999999948,30004.3
177431163.1696,89998.59999999948,30004.3
177431165.1696,89998.59999999948,30004.3
177431167.1696,89998.59999999948,30004.3
177431169.1696,89998.59999999948,30004.3
177431171.1696,89998.59999999948,30004.3
177431173.1696,89998.59999999948,30004.3
177431175.1696,89998.59999999948,30004.3
177431177.1696,89998.59999999948,30004.3
177431179.1696,89998.59999999948,30004.3
177431181.1696,89998.59999999948,30004.3
177431183.1696,89998.59999999948,30004.3
177431185.1696,89998.59999999948,30004.3
177431187.1696,89998.59999999948,30004.3
177431189.1696,89998.59999999948,30004.3
177431191.1696,89998.59999999948,30004.3
177431193.1696,89998.59999999948,30004.3
177431195.1696,89998.59999999948,30004.3
177431197.1696,89998.59999999948,30004.3
177431199.1696,89998.59999999948,30004.3
177431201.1696,89998.59999999948,30004.3
177431203.1696,83999.19999999949,30004.3
177431205.1696,83999.19999999949,30004.3
177431207.1696,83999.19999999949,30004.3
177431209.1696,83999.19999999949,30004.3
177431211.1696,78599.69999999949,30004.3
177431213.1696,78599.69999999949,30004.3
177431215.1696,78599.69999999949,30004.3
177431217.1696,78599.59999999948,30004.3
177431219.1696,78599.59999999948,30004.3
177431221.1696,78599.59999999948,30004.3
177431223.1696,78599.59999999948,30004.3
177431225.1696,78599.59999999948,30004.3
177431227.1696,78599.59999999948,30004.3
177431229.1696,78599.59999999948,30004.3
177431231.1696,78599.59999999948,30004.3
177431233.1696,78599.59999999948,30004.3
177431235.1696,78599.59999999948,30004.3
177431237.1696,78599.59999999948,30004.3
177431239.1696,78599.59999999948,30004.3
177431241.1696,78599.59999999948,30004.3
177431243.1696,78599.59999999948,30004.3
177431245.1696,78599.59999999948,30004.3
177431247.1696,78599.59999999948,30004.3
177431249.1696,78599.59999999948,30004.3
177431251.1696,78599.59999999948,30004.3
177431253.1696,78599.59999999948,30004.3
177431255.1696,78599.59999999948,30004.3
177431257.1696,78599.59999999948,30004.3
177431259.1696,78599.59999999948,30004.3
177431261.1696,78599.59999999948,30004.3
177431263.1696,78599.49999999948,30004.3
177431265.1696,78599.49999999948,30004.3
177431267.1696,78599.49999999948,30004.3
177431269.1696,78599.49999999948,30004.3
177431271.1696,78599.49999999948,30004.3
177431273.1696,78599.49999999948,30004.3
177431275.1696,78599.49999999948,30004.3
177431277.1696,78599.49999999948,30004.3
177431279.1696,78599.49999999948,30004.3
177431281.1696,78599.49999999948,30004.3
177431283.1696,78599.49999999948,30004.3
177431285.1696,78599.49999999948,30004.3
177431287.1696,78599.49999999948,30004.3
177431289.1696,78599.49999999948,30004.3
177431291.1696,78599.49999999948,30004.3
177431293.1696,78599.49999999948,30004.3
177431295.1696,78599.49999999948,30004.3
177431297.1696,78599.49999999948,30004.3
177431299.1696,78599.49999999948,30004.3
177431301.1696,78599.39999999947,30004.3
177431303.1696,78599.39999999947,30004.3
177431305.1696,78599.39999999947,30004.3
177431307.1696,78599.39999999947,30004.3
177431309.1696,78599.39999999947,30004.3
177431311.1696,78599.39999999947,30004.3
177431313.1696,78599.39999999947,30004.3
177431315.1696,78599.39999999947,30004.3
177431317.1696,78599.39999999947,30004.3
177431319.1696,78599.39999999947,30004.3
177431321.1696,78599.39999999947,30004.3
177431323.1696,78599.29999999946,30004.3
177431325.1696,78599.29999999946,30004.3
177431327.1696,78599.29999999946,30004.3
177431329.1696,78599.29999999946,30004.3
177431331.1696,78599.29999999946,30004.3
177431333.1696,78599.29999999946,30004.3
177431335.1696,78599.29999999946,30004.3
177431337.1696,78599.29999999946,30004.3
177431339.1696,78599.29999999946,30004.3
177431341.1696,78599.29999999946,30004.3
177431343.1696,78599.29999999946,30004.3
177431345.1696,78599.29999999946,30004.3
177431347.1696,78599.29999999946,30004.3
177431349.1696,78599.29999999946,30004.3
177431351.1696,78599.29999999946,30004.3
177431353.1696,78599.29999999946,30004.3
177431355.1696,78599.29999999946,30004.3
177431357.1696,78599.29999999946,30004.3
177431359.1696,78599.29999999946,30004.3
177431361.1696,78599.29999999946,30004.3
177431363.1696,78599.29999999946,30004.3
177431365.1696,78599.29999999946,30004.3
177431367.1696,78599.29999999946,30004.3
177431369.1696,78599.29999999946,30004.3
177431371.1696,78599.29999999946,30004.3
177431373.1696,78599.29999999946,30004.3
177431375.1696,78599.29999999946,30004.3
177431377.1696,78599.29999999946,30004.3
177431379.1696,78599.29999999946,30004.3
177431381.1696,78599.29999999946,30004.3
177431383.1696,78599.29999999946,30004.3
177431385.1696,78599.29999999946,30004.3
177431387.1696,78599.29999999946,30004.3
177431389.1696,78599.29999999946,30004.3
177431391.1696,78599.29999999946,30004.3
177431393.1696,78599.29999999946,30004.3
177431395.1696,78599.29999999946,30004.3
177431397.1696,78599.29999999946,30004.3
177431399.1696,78599.29999999946,30004.3
177431401.1696,78599.29999999946,30004.3
177431403.1696,78599.29999999946,30004.3
177431405.1696,78599.29999999946,30004.3
177431407.1696,78599.29999999946,30004.3
177431409.1696,78599.29999999946,30004.3
177431411.1696,78599.29999999946,30004.3
177431413.1696,78599.29999999946,30004.3
177431415.1696,78599.29999999946,30004.3
177431417.1696,78599.29999999946,30004.3
177431419.1696,78599.29999999946,30004.3
177431421.1696,78599.29999999946,30004.3
177431423.1696,78599.29999999946,30004.3
177431425.1696,78599.29999999946,30004.3
177431427.1696,78599.29999999946,30004.3
177431429.1696,78599.29999999946,30004.3
177431431.1696,78599.29999999946,30004.3
177431433.1696,78599.29999999946,30004.3
177431435.1696,78599.29999999946,30004.3
177431437.1696,78599.29999999946,30004.3
177431439.1696,78599.29999999946,30004.3
177431441.1696,78599.29999999946,30004.3
177431443.2696,78599.29999999946,30004.3
177431445.1696,78599.29999999946,30004.3
177431447.1696,78599.29999999946,30004.3
177431449.1696,78599.29999999946,30004.3
177431451.1696,78599.29999999946,30004.3
177431453.1696,78599.29999999946,30004.3
177431455.1696,78599.29999999946,30004.3
177431457.1696,78599.29999999946,30004.3
177431459.1696,78599.29999999946,30004.3
177431461.1696,78599.29999999946,30004.3
177431463.1696,78599.29999999946,30004.3
177431465.1696,78599.29999999946,30004.3
177431467.1696,78599.29999999946,30004.3
177431469.1696,78599.29999999946,30004.3
177431471.1696,78599.29999999946,30004.3
177431473.1696,78599.29999999946,30004.3
177431475.1696,78599.29999999946,30004.3
177431477.1696,78599.29999999946,30004.3
177431479.1696,78599.29999999946,30004.3
177431481.1696,78599.29999999946,30004.3
177431483.1696,78599.29999999946,30004.3
177431485.1696,78599.29999999946,30004.3
177431487.1696,78599.29999999946,30004.3
177431489.1696,78599.29999999946,30004.3
177431491.1696,78599.29999999946,30004.3
177431493.1696,78599.29999999946,30004.3
177431495.1696,78599.29999999946,30004.3
177431497.1696,78599.29999999946,30004.3
177431499.1696,78599.29999999946,30004.3
177431501.1696,78599.29999999946,30004.3
177431503.1696,78599.29999999946,30004.3
177431505.1696,78599.29999999946,30004.3
177431507.1696,78599.29999999946,30004.3
177431509.1696,78599.29999999946,30004.3
177431511.1696,78599.29999999946,30004.3
177431513.1696,78599.29999999946,30004.3
177431515.1696,78599.29999999946,30004.3
177431517.1696,78599.29999999946,30004.3
177431519.1696,78599.29999999946,30004.3
177431521.1696,78599.29999999946,30004.3
177431523.1696,78599.29999999946,30004.3
177431525.1696,78599.29999999946,30004.3
177431527.1696,78599.29999999946,30004.3
177431529.1696,78599.29999999946,30004.3
177431531.1696,78599.19999999946,30004.3
177431533.1696,78599.19999999946,30004.3
177431535.1696,78599.19999999946,30004.3
177431537.1696,78599.19999999946,30004.3
177431539.1696,78599.19999999946,30004.3
177431541.1696,78599.19999999946,30004.3
177431543.1696,78599.19999999946,30004.3
177431545.1696,78599.09999999945,30004.3
177431547.1696,78599.09999999945,30004.3
177431549.1696,78599.09999999945,30004.3
177431551.1696,78599.09999999945,30004.3
177431553.1696,78599.09999999945,30004.3
177431555.1696,78599.09999999945,30004.3
177431557.1696,78599.09999999945,30004.3
177431559.1696,78599.09999999945,30004.3
177431561.1696,78599.09999999945,30004.3
177431563.1696,78599.09999999945,30004.3
177431565.1696,78599.09999999945,30004.3
177431567.1696,78599.09999999945,30004.3
177431569.1696,78599.09999999945,30004.3
177431571.1696,78599.09999999945,30004.3
177431573.1696,78599.09999999945,30004.3
177431575.1696,78599.09999999945,30004.3
177431577.1696,78599.09999999945,30004.3
177431579.1696,78599.09999999945,30004.3
177431581.1696,78599.09999999945,30004.3
177431583.1696,78599.09999999945,30004.3
177431585.1696,78599.09999999945,30004.3
177431587.1696,78599.09999999945,30004.3
177431589.1696,78599.09999999945,30004.3
177431591.1696,78599.09999999945,30004.3
177431593.1696,78599.09999999945,30004.3
177431595.1696,78599.09999999945,30004.3
177431597.1696,78599.09999999945,30004.3
177431599.1696,78599.09999999945,30004.3
177431601.1696,78599.09999999945,30004.3
177431603.1696,78599.09999999945,30004.3
177431605.1696,78599.09999999945,30004.3
177431607.1696,78599.09999999945,30004.3
177431609.1696,78599.09999999945,30004.3
177431611.1696,78599.09999999945,30004.399999999998
177431613.1696,78599.09999999945,30004.399999999998
177431615.1696,78599.09999999945,30004.399999999998
177431617.1696,78599.09999999945,30004.399999999998
177431619.1696,78599.09999999945,30004.399999999998
177431621.1696,78599.09999999945,30004.399999999998
177431623.1696,78599.09999999945,30004.399999999998
177431625.1696,78599.09999999945,30004.399999999998
177431627.1696,78599.09999999945,30004.399999999998
177431629.1696,78599.09999999945,30004.399999999998
177431631.1696,78599.09999999945,30004.399999999998
177431633.1696,78599.09999999945,30004.399999999998
177431635.1696,78599.09999999945,30004.399999999998
177431637.1696,78599.09999999945,30004.399999999998
177431639.1696,78599.09999999945,30004.399999999998
177431641.1696,78599.09999999945,30004.399999999998
177431643.1696,78599.09999999945,30004.399999999998
177431645.1696,78599.09999999945,30004.399999999998
177431647.1696,78599.09999999945,30004.399999999998
177431649.1696,78599.09999999945,30004.399999999998
177431651.1696,78599.09999999945,30004.399999999998
177431653.1696,78599.09999999945,30004.399999999998
177431655.1696,78599.09999999945,30004.399999999998
177431657.1696,78599.09999999945,30004.399999999998
177431659.1696,78599.09999999945,30004.399999999998
177431661.1696,78599.09999999945,30004.399999999998
177431663.2696,78599.09999999945,30004.399999999998
177431665.1696,78599.09999999945,30004.399999999998
177431667.1696,78599.09999999945,30004.399999999998
177431669.1696,78599.09999999945,30004.399999999998
177431671.1696,78599.09999999945,30004.399999999998
177431673.1696,78599.09999999945,30004.399999999998
177431675.1696,78599.09999999945,30004.399999999998
177431677.1696,78599.09999999945,30004.399999999998
177431679.1696,78599.09999999945,30004.399999999998
177431681.1696,78599.09999999945,30004.399999999998
177431683.1696,78599.09999999945,30004.399999999998
177431685.1696,78599.09999999945,30004.399999999998
177431687.1696,78599.09999999945,30004.399999999998
177431689.1696,78599.09999999945,30004.399999999998
177431691.1696,78599.09999999945,30004.399999999998
177431693.1696,78599.09999999945,30004.399999999998
177431695.1696,78599.09999999945,30004.399999999998
177431697.1696,78599.09999999945,30004.399999999998
177431699.1696,78599.09999999945,30004.399999999998
177431701.1696,78599.09999999945,30004.399999999998
177431703.1696,78599.09999999945,30004.399999999998
177431705.1696,78599.09999999945,30004.399999999998
177431707.1696,78599.09999999945,30004.399999999998
177431709.1696,78599.09999999945,30004.399999999998
177431711.1696,78599.09999999945,30004.399999999998
177431713.1696,78599.09999999945,30004.399999999998
177431715.1696,78599.09999999945,30004.399999999998
177431717.1696,78599.09999999945,30004.399999999998
177431719.1696,78599.09999999945,30004.399999999998
177431721.1696,78599.09999999945,30004.399999999998
177431723.1696,78599.09999999945,30004.399999999998
177431725.1696,78599.09999999945,30004.399999999998
177431727.1696,78599.09999999945,30004.399999999998
177431729.1696,78599.09999999945,30004.399999999998
177431731.1696,78599.09999999945,30004.399999999998
177431733.1696,78599.09999999945,30004.399999999998
177431735.1696,78599.09999999945,30004.399999999998
177431737.1696,78599.09999999945,30004.399999999998
177431739.1696,78599.09999999945,30004.399999999998
177431741.1696,78599.09999999945,30004.399999999998
177431743.1696,78599.09999999945,30004.399999999998
177431745.1696,78599.09999999945,30004.399999999998
177431747.1696,78599.09999999945,30004.399999999998
177431749.1696,78599.09999999945,30004.399999999998
177431751.1696,78599.09999999945,30004.399999999998
177431753.1696,78599.09999999945,30004.399999999998
177431755.1696,78599.09999999945,30004.399999999998
177431757.1696,78599.09999999945,30004.399999999998
177431759.1696,78599.09999999945,30004.399999999998
177431761.1696,78599.09999999945,30004.399999999998
177431763.1696,78599.09999999945,30004.399999999998
177431765.1696,78599.09999999945,30004.399999999998
177431767.1696,78599.09999999945,30004.399999999998
177431769.1696,78599.09999999945,30004.399999999998
177431771.1696,78599.09999999945,30004.399999999998
177431773.1696,78599.09999999945,30004.399999999998
177431775.1696,78599.09999999945,30004.399999999998
177431777.1696,78599.09999999945,30004.399999999998
177431779.1696,78599.09999999945,30004.399999999998
177431781.1696,78599.09999999945,30004.399999999998
177431783.1696,78599.09999999945,30004.399999999998
177431785.1696,78599.09999999945,30004.399999999998
177431787.1696,78599.09999999945,30004.399999999998
177431789.1696,78599.09999999945,30004.399999999998
177431791.1696,78599.09999999945,30004.399999999998
177431793.1696,78599.09999999945,30004.399999999998
177431795.1696,78599.09999999945,30004.399999999998
177431797.1696,78599.09999999945,30004.399999999998
177431799.1696,78599.09999999945,30004.399999999998
177431801.1696,78599.09999999945,30004.399999999998
177431803.1696,78599.09999999945,30004.399999999998
177431805.1696,78599.09999999945,30004.399999999998
177431807.1696,78599.09999999945,30004.399999999998
177431809.1696,78599.09999999945,30004.399999999998
177431811.1696,78599.09999999945,30004.399999999998
177431813.1696,78599.09999999945,30004.399999999998
177431815.1696,78599.09999999945,30004.399999999998
177431817.1696,78599.09999999945,30004.399999999998
177431819.1696,78599.09999999945,30004.399999999998
177431821.1696,78599.09999999945,30004.399999999998
177431823.1696,78599.09999999945,30004.399999999998
177431825.1696,78599.09999999945,30004.399999999998
177431827.1696,78599.09999999945,30004.399999999998
177431829.1696,78599.09999999945,30004.399999999998
177431831.1696,78599.09999999945,30004.399999999998
177431833.1696,78599.09999999945,30004.399999999998
177431835.1696,78599.09999999945,30004.399999999998
177431837.1696,78598.99999999945,30004.399999999998
177431839.1696,78598.99999999945,30004.399999999998
177431841.1696,78598.99999999945,30004.399999999998
177431843.1696,78598.99999999945,30004.399999999998
177431845.1696,78598.99999999945,30004.399999999998
177431847.1696,78598.99999999945,30004.399999999998
177431849.1696,78598.99999999945,30004.399999999998
177431851.1696,78598.99999999945,30004.399999999998
177431853.1696,78598.99999999945,30004.399999999998
177431855.1696,78598.99999999945,30004.399999999998
177431857.1696,78598.99999999945,30004.399999999998
177431859.1696,78598.99999999945,30004.399999999998
177431861.1696,78598.99999999945,30004.399999999998
177431863.1696,78598.99999999945,30004.399999999998
177431865.1696,78598.99999999945,30004.399999999998
177431867.1696,78598.99999999945,30004.399999999998
177431869.1696,78598.99999999945,30004.399999999998
177431871.1696,78598.99999999945,30004.399999999998
177431873.1696,78598.99999999945,30004.399999999998
177431875.1696,78598.99999999945,30004.399999999998
177431877.1696,78598.99999999945,30004.399999999998
177431879.1696,78598.99999999945,30004.399999999998
177431881.1696,78598.99999999945,30004.399999999998
177431883.1696,78598.99999999945,30004.399999999998
177431885.1696,78598.99999999945,30004.399999999998
177431887.1696,78598.99999999945,30004.399999999998
177431889.1696,78598.99999999945,30004.399999999998
177431891.1696,78598.99999999945,30004.399999999998
177431893.1696,78598.99999999945,30004.399999999998
177431895.1696,78598.99999999945,30004.399999999998
177431897.1696,78598.99999999945,30004.399999999998
177431899.1696,78598.99999999945,30004.399999999998
177431901.1696,78598.99999999945,30004.399999999998
177431903.1696,78598.99999999945,30004.399999999998
177431905.1696,78598.99999999945,30004.399999999998
177431907.1696,78598.99999999945,30004.399999999998
177431909.1696,78598.99999999945,30004.399999999998
177431911.1696,78598.99999999945,30004.399999999998
177431913.1696,78598.99999999945,30004.399999999998
177431915.1696,78598.99999999945,30004.399999999998
177431917.1696,78598.99999999945,30004.399999999998
177431919.1696,78598.99999999945,30004.399999999998
177431921.1696,78598.89999999944,30004.399999999998
177431923.1696,78598.89999999944,30004.399999999998
177431925.1696,78598.89999999944,30004.399999999998
177431927.1696,78598.89999999944,30004.399999999998
177431929.1696,78598.89999999944,30004.399999999998
177431931.1696,78598.79999999944,30004.399999999998
177431933.1696,78598.79999999944,30004.399999999998
177431935.1696,78598.79999999944,30004.399999999998
177431937.1696,78598.79999999944,30004.399999999998
177431939.1696,78598.79999999944,30004.399999999998
177431941.1696,78598.79999999944,30004.399999999998
177431943.1696,78598.79999999944,30004.399999999998
177431945.1696,78598.79999999944,30004.399999999998
177431947.1696,78598.79999999944,30004.399999999998
177431949.1696,78598.79999999944,30004.399999999998
177431951.1696,78598.79999999944,30004.399999999998
177431953.1696,78598.79999999944,30004.399999999998
177431955.1696,78598.69999999943,30004.399999999998
177431957.1696,78598.69999999943,30004.399999999998
177431959.1696,78598.69999999943,30004.399999999998
177431961.1696,78598.69999999943,30004.399999999998
177431963.1696,78598.69999999943,30004.399999999998
177431965.1696,78598.69999999943,30004.399999999998
177431967.1696,78598.69999999943,30004.399999999998
177431969.1696,78598.69999999943,30004.399999999998
177431971.1696,78598.69999999943,30004.399999999998
177431973.1696,78598.69999999943,30004.399999999998
177431975.1696,78598.69999999943,30004.399999999998
177431977.1696,78598.69999999943,30004.399999999998
177431979.1696,78598.69999999943,30004.399999999998
177431981.1696,78598.59999999942,30004.399999999998
177431983.1696,78598.59999999942,30004.399999999998
177431985.1696,78598.59999999942,30004.399999999998
177431987.1696,78598.59999999942,30004.399999999998
177431989.1696,78598.59999999942,30004.399999999998
177431991.1696,78598.59999999942,30004.399999999998
177431993.1696,78598.59999999942,30004.399999999998
177431995.1696,78598.59999999942,30004.399999999998
177431997.1696,78598.59999999942,30004.399999999998
177431999.1696,78598.59999999942,30004.399999999998
177432001.1696,78598.59999999942,30004.399999999998
177432003.1696,78598.59999999942,30004.399999999998
177432005.1696,78598.59999999942,30004.399999999998
177432007.1696,78598.59999999942,30004.399999999998
177432009.1696,78598.59999999942,30004.399999999998
177432011.1696,78598.59999999942,30004.399999999998
177432013.1696,78598.59999999942,30004.399999999998
177432015.1696,78598.49999999942,30004.399999999998
177432017.1696,78598.49999999942,30004.399999999998
177432019.1696,78598.49999999942,30004.399999999998
177432021.1696,78598.49999999942,30004.399999999998
177432023.1696,78598.49999999942,30004.399999999998
177432025.1696,78598.49999999942,30004.399999999998
177432027.1696,78598.49999999942,30004.399999999998
177432029.1696,78598.49999999942,30004.399999999998
177432031.1696,78598.49999999942,30004.399999999998
177432033.1696,78598.49999999942,30004.399999999998
177432035.1696,78598.49999999942,30004.399999999998
177432037.1696,78598.49999999942,30004.399999999998
177432039.1696,78598.49999999942,30004.399999999998
177432041.1696,78598.49999999942,30004.399999999998
177432043.1696,78598.49999999942,30004.399999999998
177432045.1696,78598.49999999942,30004.399999999998
177432047.1696,78598.49999999942,30004.399999999998
177432049.1696,78598.49999999942,30004.399999999998
177432051.1696,78598.49999999942,30004.399999999998
177432053.1696,78598.49999999942,30004.399999999998
177432055.1696,78598.49999999942,30004.399999999998
177432057.1696,78598.49999999942,30004.399999999998
177432059.1696,78598.49999999942,30004.399999999998
177432061.1696,78598.49999999942,30004.399999999998
177432063.1696,78598.49999999942,30004.399999999998
177432065.1696,78598.49999999942,30004.399999999998
177432067.1696,78598.49999999942,30004.399999999998
177432069.1696,78598.49999999942,30004.399999999998
177432071.1696,78598.49999999942,30004.399999999998
177432073.1696,78598.49999999942,30004.399999999998
177432075.1696,78598.49999999942,30004.399999999998
177432077.1696,78598.49999999942,30004.399999999998
177432079.1696,78598.49999999942,30004.399999999998
177432081.1696,78598.49999999942,30004.399999999998
177432083.1696,78598.49999999942,30004.399999999998
177432085.1696,78598.49999999942,30004.399999999998
177432087.1696,78598.49999999942,30004.399999999998
177432089.1696,78598.49999999942,30004.399999999998
177432091.1696,78598.49999999942,30004.399999999998
177432093.1696,78598.49999999942,30004.399999999998
177432095.1696,78598.49999999942,30004.399999999998
177432097.1696,78598.49999999942,30004.399999999998
177432099.1696,78598.49999999942,30004.399999999998
177432101.1696,78598.49999999942,30004.399999999998
177432103.1696,78598.49999999942,30004.399999999998
177432105.1696,78598.49999999942,30004.399999999998
177432107.1696,78598.49999999942,30004.399999999998
177432109.1696,78598.49999999942,30004.399999999998
177432111.1696,78598.49999999942,30004.399999999998
177432113.1696,78598.49999999942,30004.499999999996
177432115.1696,78598.49999999942,30004.499999999996
177432117.1696,78598.39999999941,30004.499999999996
177432119.1696,78598.39999999941,30004.499999999996
177432121.1696,78598.39999999941,30004.499999999996
177432123.1696,78598.39999999941,30004.499999999996
177432125.1696,78598.2999999994,30004.499999999996
177432127.1696,78598.2999999994,30004.499999999996
177432129.1696,78598.2999999994,30004.499999999996
177432131.1696,78598.2999999994,30004.499999999996
177432133.1696,78598.2999999994,30004.499999999996
177432135.1696,78598.2999999994,30004.499999999996
177432137.1696,78598.2999999994,30004.499999999996
177432139.1696,78598.2999999994,30004.499999999996
177432141.1696,78598.2999999994,30004.499999999996
177432143.1696,78598.2999999994,30004.499999999996
177432145.1696,78598.2999999994,30004.499999999996
177432147.1696,78598.2999999994,30004.499999999996
177432149.1696,78598.2999999994,30004.499999999996
177432151.1696,78598.2999999994,30004.499999999996
177432153.1696,78598.2999999994,30004.499999999996
177432155.1696,78598.2999999994,30004.499999999996
177432157.1696,78598.2999999994,30004.499999999996
177432159.1696,78598.2999999994,30004.499999999996
177432161.1696,78598.2999999994,30004.499999999996
177432163.1696,78598.2999999994,30004.499999999996
177432165.1696,78598.2999999994,30004.499999999996
177432167.1696,78598.2999999994,30004.499999999996
177432169.1696,78598.2999999994,30004.499999999996
177432171.1696,78598.2999999994,30004.499999999996
177432173.1696,78598.2999999994,30004.499999999996
177432175.1696,78598.1999999994,30004.499999999996
177432177.1696,78598.1999999994,30004.499999999996
177432179.1696,78598.1999999994,30004.499999999996
177432181.1696,78598.1999999994,30004.499999999996
177432183.1696,78598.1999999994,30004.499999999996
177432185.1696,78598.1999999994,30004.499999999996
177432187.1696,78598.1999999994,30004.499999999996
177432189.1696,78598.1999999994,30004.499999999996
177432191.1696,78598.1999999994,30004.499999999996
177432193.1696,78598.1999999994,30004.499999999996
177432195.1696,78598.1999999994,30004.499999999996
177432197.1696,78598.1999999994,30004.499999999996
177432199.1696,78598.1999999994,30004.499999999996
177432201.1696,78598.1999999994,30004.499999999996
177432203.1696,78598.1999999994,30004.499999999996
177432205.1696,78598.1999999994,30004.499999999996
177432207.1696,78598.1999999994,30004.499999999996
177432209.1696,78598.1999999994,30004.499999999996
177432211.1696,78598.1999999994,30004.499999999996
177432213.1696,78598.1999999994,30004.499999999996
177432215.1696,78598.1999999994,30004.499999999996
177432217.1696,78598.1999999994,30004.499999999996
177432219.1696,78598.1999999994,30004.499999999996
177432221.1696,78598.1999999994,30004.499999999996
177432223.1696,78598.1999999994,30004.499999999996
177432225.1696,78598.1999999994,30004.499999999996
177432227.1696,78598.1999999994,30004.499999999996
177432229.1696,78598.1999999994,30004.499999999996
177432231.1696,78598.1999999994,30004.499999999996
177432233.1696,78598.1999999994,30004.499999999996
177432235.1696,78598.1999999994,30004.499999999996
177432237.1696,78598.1999999994,30004.499999999996
177432239.1696,78598.1999999994,30004.499999999996
177432241.1696,78598.1999999994,30004.499999999996
177432243.1696,78598.1999999994,30004.499999999996
177432245.1696,78598.1999999994,30004.499999999996
177432247.1696,78599.0999999994,30004.499999999996
177432249.1696,78599.0999999994,30004.499999999996
177432251.1696,78599.0999999994,30004.499999999996
177432253.1696,78599.0999999994,30004.499999999996
177432255.1696,78599.0999999994,30004.499999999996
177432257.1696,78599.0999999994,30004.499999999996
177432259.1696,78599.0999999994,30004.499999999996
177432261.1696,78599.0999999994,30004.499999999996
177432263.1696,78599.0999999994,30004.499999999996
177432265.1696,78599.0999999994,30004.499999999996
177432267.1696,78599.0999999994,30004.499999999996
177432269.1696,78599.0999999994,30004.499999999996
177432271.1696,78599.0999999994,30004.499999999996
177432273.1696,78599.0999999994,30004.499999999996
177432275.1696,78599.0999999994,30004.499999999996
177432277.1696,78599.0999999994,30004.499999999996
177432279.1696,78599.0999999994,30004.499999999996
177432281.1696,78599.0999999994,30004.499999999996
177432283.1696,78598.99999999939,30004.499999999996
177432285.1696,78598.99999999939,30004.499999999996
177432287.1696,78598.99999999939,30004.499999999996
177432289.1696,78598.99999999939,30004.499999999996
177432291.1696,78598.99999999939,30004.499999999996
177432293.1696,78598.99999999939,30004.499999999996
177432295.1696,78598.99999999939,30004.499999999996
177432297.1696,78598.99999999939,30004.499999999996
177432299.1696,78598.99999999939,30004.499999999996
177432301.1696,78598.99999999939,30004.499999999996
177432303.1696,78598.99999999939,30004.499999999996
177432305.1696,78598.99999999939,30004.499999999996
177432307.1696,78598.99999999939,30004.499999999996
177432309.1696,78598.99999999939,30004.499999999996
177432311.1696,78598.99999999939,30004.499999999996
177432313.1696,78598.99999999939,30004.499999999996
177432315.1696,78598.99999999939,30004.499999999996
177432317.1696,78598.99999999939,30004.499999999996
177432319.1696,78598.99999999939,30004.499999999996
177432321.1696,78598.99999999939,30004.499999999996
177432323.1696,78598.99999999939,30004.499999999996
177432325.1696,78598.99999999939,30004.499999999996
177432327.1696,78598.99999999939,30004.499999999996
177432329.1696,78598.99999999939,30004.499999999996
177432331.1696,78598.99999999939,30004.499999999996
177432333.1696,78598.99999999939,30004.499999999996
177432335.1696,78598.89999999938,30004.499999999996
177432337.1696,78598.89999999938,30004.499999999996
177432339.1696,78598.89999999938,30004.499999999996
177432341.1696,78598.89999999938,30004.499999999996
177432343.1696,78598.89999999938,30004.499999999996
177432345.1696,78598.89999999938,30004.499999999996
177432347.1696,78598.89999999938,30004.499999999996
177432349.1696,78598.89999999938,30004.499999999996
177432351.1696,78598.89999999938,30004.499999999996
177432353.1696,78598.89999999938,30004.499999999996
177432355.1696,78598.89999999938,30004.499999999996
177432357.1696,78598.89999999938,30004.499999999996
177432359.1696,78598.89999999938,30004.499999999996
177432361.1696,78598.89999999938,30004.499999999996
177432363.1696,78598.89999999938,30004.499999999996
177432365.1696,78598.89999999938,30004.499999999996
177432367.1696,78598.89999999938,30004.499999999996
177432369.1696,78598.89999999938,30004.499999999996
177432371.1696,78598.89999999938,30004.499999999996
177432373.1696,78598.89999999938,30004.499999999996
177432375.1696,78598.89999999938,30004.499999999996
177432377.1696,78598.89999999938,30004.499999999996
177432379.1696,78598.89999999938,30004.499999999996
177432381.1696,78598.89999999938,30004.499999999996
177432383.1696,78598.89999999938,30004.499999999996
177432385.1696,78598.89999999938,30004.499999999996
177432387.1696,78598.89999999938,30004.499999999996
177432389.1696,78598.89999999938,30004.499999999996
177432391.1696,78598.89999999938,30004.499999999996
177432393.1696,78598.89999999938,30004.499999999996
177432395.1696,78598.89999999938,30004.499999999996
177432397.1696,78598.89999999938,30004.499999999996
177432399.1696,78598.89999999938,30004.499999999996
177432401.1696,78598.89999999938,30004.499999999996
177432403.1696,78598.89999999938,30004.499999999996
177432405.1696,78598.89999999938,30004.499999999996
177432407.1696,78598.89999999938,30004.499999999996
177432409.1696,78598.89999999938,30004.499999999996
177432411.1696,78598.89999999938,30004.499999999996
177432413.1696,78598.89999999938,30004.499999999996
177432415.1696,78598.89999999938,30004.499999999996
177432417.1696,78598.89999999938,30004.499999999996
177432419.1696,78598.89999999938,30004.499999999996
177432421.1696,78598.89999999938,30004.499999999996
177432423.1696,78598.89999999938,30004.499999999996
177432425.1696,78598.89999999938,30004.499999999996
177432427.1696,78598.89999999938,30004.499999999996
177432429.1696,78598.89999999938,30004.499999999996
177432431.1696,78598.89999999938,30004.499999999996
177432433.1696,78598.89999999938,30004.499999999996
177432435.1696,78598.89999999938,30004.499999999996
177432437.1696,78598.89999999938,30004.499999999996
177432439.1696,78598.89999999938,30004.499999999996
177432441.1696,78598.89999999938,30004.499999999996
177432443.1696,78598.89999999938,30004.499999999996
177432445.1696,78598.89999999938,30004.499999999996
177432447.1696,78598.89999999938,30004.499999999996
177432449.1696,78598.89999999938,30004.499999999996
177432451.1696,78598.89999999938,30004.499999999996
177432453.1696,78598.89999999938,30004.499999999996
177432455.1696,78598.89999999938,30004.499999999996
177432457.1696,78598.89999999938,30004.499999999996
177432459.1696,78598.89999999938,30004.499999999996
177432461.1696,78598.89999999938,30004.499999999996
177432463.1696,78598.89999999938,30004.499999999996
177432465.1696,78598.89999999938,30004.499999999996
177432467.1696,78598.89999999938,30004.499999999996
177432469.1696,78598.89999999938,30004.499999999996
177432471.1696,78598.89999999938,30004.499999999996
177432473.1696,78598.89999999938,30004.499999999996
177432475.1696,78598.89999999938,30004.499999999996
177432477.1696,78598.89999999938,30004.499999999996
177432479.1696,78598.89999999938,30004.499999999996
177432481.1696,78598.89999999938,30004.499999999996
177432483.1696,78598.89999999938,30004.499999999996
177432485.1696,78598.89999999938,30004.499999999996
177432487.1696,78598.89999999938,30004.499999999996
177432489.1696,78598.89999999938,30004.499999999996
177432491.1696,78598.89999999938,30004.499999999996
177432493.1696,78598.89999999938,30004.499999999996
177432495.1696,78598.89999999938,30004.499999999996
177432497.1696,78598.89999999938,30004.499999999996
177432499.1696,78598.89999999938,30004.499999999996
177432501.1696,78598.89999999938,30004.499999999996
177432503.1696,78598.89999999938,30004.499999999996
177432505.1696,78598.89999999938,30004.499999999996
177432507.1696,78598.89999999938,30004.499999999996
177432509.1696,78598.89999999938,30004.499999999996
177432511.1696,78598.89999999938,30004.499999999996
177432513.1696,78598.89999999938,30004.499999999996
177432515.1696,78598.89999999938,30004.499999999996
177432517.1696,78598.79999999938,30004.499999999996
177432519.1696,78598.79999999938,30004.499999999996
177432521.1696,78598.79999999938,30004.499999999996
177432523.1696,78598.79999999938,30004.499999999996
177432525.1696,78598.79999999938,30004.499999999996
177432527.1696,78598.79999999938,30004.499999999996
177432529.1696,78598.79999999938,30004.499999999996
177432531.1696,78598.79999999938,30004.499999999996
177432533.1696,78598.79999999938,30004.499999999996
177432535.1696,78598.79999999938,30004.499999999996
177432537.1696,78598.79999999938,30004.499999999996
177432539.1696,78598.79999999938,30004.499999999996
177432541.1696,78598.79999999938,30004.499999999996
177432543.1696,78598.79999999938,30004.499999999996
177432545.1696,78598.79999999938,30004.499999999996
177432547.1696,78598.79999999938,30004.499999999996
177432549.1696,78598.79999999938,30004.499999999996
177432551.1696,78598.79999999938,30004.499999999996
177432553.1696,78598.79999999938,30004.499999999996
177432555.1696,78598.79999999938,30004.499999999996
177432557.1696,78598.69999999937,30004.499999999996
177432559.1696,78598.69999999937,30004.499999999996
177432561.1696,78598.69999999937,30004.499999999996
177432563.1696,78598.69999999937,30004.499999999996
177432565.1696,78598.69999999937,30004.499999999996
177432567.1696,78598.69999999937,30004.499999999996
177432569.1696,78598.69999999937,30004.499999999996
177432571.1696,78598.69999999937,30004.499999999996
177432573.1696,78598.69999999937,30004.499999999996
177432575.1696,78598.69999999937,30004.499999999996
177432577.1696,78598.69999999937,30004.499999999996
177432579.1696,78598.69999999937,30004.499999999996
177432581.1696,78598.69999999937,30004.499999999996
177432583.1696,78598.69999999937,30004.499999999996
177432585.1696,78598.69999999937,30004.499999999996
177432587.1696,78598.69999999937,30004.499999999996
177432589.1696,78598.69999999937,30004.499999999996
177432591.1696,78598.69999999937,30004.499999999996
177432593.1696,78598.69999999937,30004.499999999996
177432595.1696,78598.69999999937,30004.499999999996
177432597.1696,78598.69999999937,30004.499999999996
177432599.1696,78598.69999999937,30004.499999999996
177432601.1696,78598.69999999937,30004.499999999996
177432603.1696,78598.69999999937,30004.499999999996
177432605.1696,78598.69999999937,30004.499999999996
177432607.1696,78598.69999999937,30004.499999999996
177432609.1696,78598.69999999937,30004.499999999996
177432611.1696,78598.69999999937,30004.499999999996
177432613.1696,78598.69999999937,30004.499999999996
177432615.1696,78598.69999999937,30004.499999999996
177432617.2696,78598.69999999937,30004.499999999996
177432619.1696,78598.69999999937,30004.499999999996
177432621.1696,78598.69999999937,30004.499999999996
177432623.1696,78598.69999999937,30004.499999999996
177432625.1696,78598.69999999937,30004.499999999996
177432627.1696,78598.69999999937,30004.499999999996
177432629.1696,78598.59999999937,30004.499999999996
177432631.1696,78598.59999999937,30004.499999999996
177432633.1696,78598.59999999937,30004.499999999996
177432635.1696,78598.59999999937,30004.499999999996
177432637.1696,78598.59999999937,30004.499999999996
177432639.1696,78598.59999999937,30004.499999999996
177432641.1696,78598.59999999937,30004.499999999996
177432643.1696,78598.59999999937,30004.499999999996
177432645.1696,78598.59999999937,30004.499999999996
177432647.1696,78598.59999999937,30004.499999999996
177432649.1696,78598.59999999937,30004.499999999996
177432651.1696,78598.59999999937,30004.499999999996
177432653.1696,78598.59999999937,30004.499999999996
177432655.1696,78598.59999999937,30004.499999999996
177432657.1696,78598.59999999937,30004.499999999996
177432659.1696,78598.59999999937,30004.499999999996
177432661.1696,78598.59999999937,30004.499999999996
177432663.1696,78598.49999999936,30004.499999999996
177432665.1696,78598.49999999936,30004.499999999996
177432667.1696,78598.49999999936,30004.499999999996
177432669.1696,78598.49999999936,30004.499999999996
177432671.1696,78598.49999999936,30004.499999999996
177432673.1696,78598.49999999936,30004.499999999996
177432675.1696,78598.49999999936,30004.499999999996
177432677.1696,78598.49999999936,30004.499999999996
177432679.1696,78598.49999999936,30004.499999999996
177432681.1696,78598.49999999936,30004.499999999996
177432683.1696,78598.49999999936,30004.499999999996
177432685.1696,78598.39999999935,30004.499999999996
177432687.1696,78598.39999999935,30004.499999999996
177432689.1696,78598.39999999935,30004.499999999996
177432691.1696,78598.39999999935,30004.499999999996
177432693.1696,78598.39999999935,30004.499999999996
177432695.1696,78598.39999999935,30004.499999999996
177432697.1696,78598.39999999935,30004.499999999996
177432699.1696,78598.29999999935,30004.499999999996
177432701.1696,78598.29999999935,30004.499999999996
177432703.1696,78598.29999999935,30004.499999999996
177432705.1696,78598.29999999935,30004.499999999996
177432707.1696,78598.29999999935,30004.499999999996
177432709.1696,78598.29999999935,30004.499999999996
177432711.1696,78598.29999999935,30004.499999999996
177432713.1696,78598.29999999935,30004.499999999996
177432715.1696,78598.29999999935,30004.499999999996
177432717.1696,78598.29999999935,30004.499999999996
177432719.1696,78598.29999999935,30004.499999999996
177432721.1696,78598.29999999935,30004.499999999996
177432723.1696,78598.29999999935,30004.499999999996
177432725.1696,78598.29999999935,30004.499999999996
177432727.1696,78598.29999999935,30004.499999999996
177432729.1696,78598.29999999935,30004.499999999996
177432731.1696,78598.29999999935,30004.499999999996
177432733.1696,78598.29999999935,30004.499999999996
177432735.1696,78598.29999999935,30004.499999999996
177432737.1696,78598.29999999935,30004.499999999996
177432739.1696,78598.29999999935,30004.499999999996
177432741.1696,78598.29999999935,30004.499999999996
177432743.1696,78598.29999999935,30004.499999999996
177432745.1696,78598.29999999935,30004.499999999996
177432747.1696,78598.29999999935,30004.499999999996
177432749.1696,78598.29999999935,30004.499999999996
177432751.1696,78598.29999999935,30004.499999999996
177432753.1696,78598.29999999935,30004.499999999996
177432755.1696,78598.29999999935,30004.499999999996
177432757.1696,78598.29999999935,30004.499999999996
177432759.1696,78598.29999999935,30004.499999999996
177432761.1696,78598.29999999935,30004.499999999996
177432763.1696,78598.29999999935,30004.499999999996
177432765.1696,78598.29999999935,30004.499999999996
177432767.1696,78598.29999999935,30004.499999999996
177432769.1696,78598.29999999935,30004.499999999996
177432771.1696,78598.29999999935,30004.499999999996
177432773.1696,78598.29999999935,30004.499999999996
177432775.1696,78598.29999999935,30004.499999999996
177432777.1696,78598.29999999935,30004.499999999996
177432779.1696,78598.29999999935,30004.499999999996
177432781.1696,78598.29999999935,30004.499999999996
177432783.1696,78598.29999999935,30004.499999999996
177432785.1696,78598.29999999935,30004.499999999996
177432787.1696,78598.29999999935,30004.499999999996
177432789.1696,78598.29999999935,30004.499999999996
177432791.1696,78598.29999999935,30004.499999999996
177432793.1696,78598.29999999935,30004.499999999996
177432795.1696,78598.29999999935,30004.499999999996
177432797.1696,78598.29999999935,30004.499999999996
177432799.1696,78598.29999999935,30004.499999999996
177432801.1696,78598.29999999935,30004.499999999996
177432803.1696,78598.29999999935,30004.499999999996
177432805.1696,78598.29999999935,30004.499999999996
177432807.1696,78598.29999999935,30004.499999999996
177432809.1696,78598.29999999935,30004.499999999996
177432811.1696,78598.29999999935,30004.499999999996
177432813.1696,78598.29999999935,30004.499999999996
177432815.1696,78598.29999999935,30004.499999999996
177432817.1696,78598.19999999934,30004.499999999996
177432819.1696,78598.19999999934,30004.499999999996
177432821.1696,78598.19999999934,30004.499999999996
177432823.1696,78598.19999999934,30004.499999999996
177432825.1696,78598.19999999934,30004.499999999996
177432827.1696,78598.19999999934,30004.499999999996
177432829.1696,78598.19999999934,30004.499999999996
177432831.1696,78598.19999999934,30004.499999999996
177432833.1696,78598.19999999934,30004.499999999996
177432835.1696,78598.19999999934,30004.499999999996
177432837.1696,78598.19999999934,30004.499999999996
177432839.1696,78598.19999999934,30004.499999999996
177432841.1696,78598.19999999934,30004.499999999996
177432843.1696,78598.09999999934,30004.499999999996
177432845.1696,78598.09999999934,30004.499999999996
177432847.1696,78598.09999999934,30004.499999999996
177432849.1696,78598.09999999934,30004.499999999996
177432851.1696,78598.09999999934,30004.499999999996
177432853.1696,78598.09999999934,30004.499999999996
177432855.1696,78598.09999999934,30004.499999999996
177432857.1696,78598.09999999934,30004.499999999996
177432859.1696,78598.09999999934,30004.499999999996
177432861.1696,78598.09999999934,30004.499999999996
177432863.1696,78598.09999999934,30004.499999999996
177432865.1696,78598.09999999934,30004.499999999996
177432867.1696,78598.09999999934,30004.499999999996
177432869.1696,78598.09999999934,30004.499999999996
177432871.1696,78598.09999999934,30004.499999999996
177432873.1696,78598.09999999934,30004.499999999996
177432875.1696,78598.09999999934,30004.499999999996
177432877.1696,78598.09999999934,30004.499999999996
177432879.1696,78598.09999999934,30004.499999999996
177432881.1696,78598.09999999934,30004.499999999996
177432883.1696,78598.09999999934,30004.499999999996
177432885.1696,78598.09999999934,30004.499999999996
177432887.1696,78598.09999999934,30004.499999999996
177432889.1696,78598.09999999934,30004.499999999996
177432891.1696,78598.09999999934,30004.499999999996
177432893.1696,78598.09999999934,30004.499999999996
177432895.1696,78598.09999999934,30004.499999999996
177432897.1696,78598.09999999934,30004.499999999996
177432899.1696,49999.99999999934,30004.499999999996
177432901.1696,49999.99999999934,30004.499999999996
177432903.1696,49999.99999999934,30004.499999999996
177432905.1696,49999.99999999934,30004.499999999996
177432907.1696,49999.99999999934,30004.499999999996
177432909.1696,49999.99999999934,30004.499999999996
177432911.1696,49999.99999999934,30004.499999999996
177432913.1696,49999.99999999934,30004.499999999996
177432915.1696,49999.99999999934,30004.499999999996
177432917.1696,49999.99999999934,30004.499999999996
177432919.1696,49999.99999999934,30004.499999999996
177432921.1696,49999.99999999934,30004.499999999996
177432923.1696,49999.99999999934,30004.499999999996
177432925.1696,49999.99999999934,30004.499999999996
177432927.1696,49999.99999999934,30004.499999999996
177432929.1696,49999.99999999934,30004.499999999996
177432931.1696,49999.99999999934,30004.499999999996
177432933.1696,49999.99999999934,30004.499999999996
177432935.1696,49999.99999999934,30004.499999999996
177432937.1696,49999.99999999934,30004.499999999996
177432939.1696,49999.99999999934,30004.499999999996
177432941.1696,49999.99999999934,30004.499999999996
177432943.1696,49999.99999999934,30004.499999999996
177432945.1696,49999.99999999934,30004.499999999996
177432947.1696,49999.99999999934,30004.499999999996
177432949.1696,49999.99999999934,30004.499999999996
177432951.1696,49999.99999999934,30004.499999999996
177432953.1696,49999.99999999934,30004.499999999996
177432955.1696,49999.99999999934,30004.499999999996
177432957.1696,49999.99999999934,30004.499999999996
177432959.1696,49999.99999999934,30004.499999999996
177432961.1696,49999.99999999934,30004.499999999996
177432963.1696,49999.99999999934,30004.499999999996
177432965.1696,49999.99999999934,30004.499999999996
177432967.1696,49999.99999999934,30004.499999999996
177432969.1696,49999.99999999934,30004.499999999996
177432971.1696,49999.99999999934,30004.499999999996
177432973.1696,49999.99999999934,30004.499999999996
177432975.1696,49999.99999999934,30004.499999999996
177432977.1696,49999.99999999934,30004.499999999996
177432979.1696,49999.99999999934,30004.499999999996
177432981.1696,49999.99999999934,30004.499999999996
177432983.1696,49999.99999999934,30004.499999999996
177432985.1696,49999.99999999934,30004.499999999996
177432987.1696,49999.99999999934,30004.499999999996
177432989.1696,49999.99999999934,30004.499999999996
177432991.1696,49999.99999999934,30004.499999999996
177432993.1696,49999.99999999934,30004.499999999996
177432995.1696,49999.99999999934,30004.499999999996
177432997.1696,49999.99999999934,30004.499999999996
177432999.1696,49999.99999999934,30004.499999999996
177433001.1696,49999.99999999934,30004.499999999996
177433003.1696,49999.89999999934,30004.499999999996
177433005.1696,49999.89999999934,30004.499999999996
177433007.1696,49999.89999999934,30004.499999999996
177433009.1696,49999.89999999934,30004.499999999996
177433011.1696,49999.89999999934,30004.499999999996
177433013.1696,49999.89999999934,30004.499999999996
177433015.1696,49999.89999999934,30004.499999999996
177433017.1696,49999.89999999934,30004.499999999996
177433019.1696,49999.89999999934,30004.499999999996
177433021.1696,49999.89999999934,30004.499999999996
177433023.1696,49999.89999999934,30004.499999999996
177433025.1696,49999.89999999934,30004.499999999996
177433027.1696,49999.89999999934,30004.499999999996
177433029.1696,49999.89999999934,30004.499999999996
177433031.1696,49999.89999999934,30004.499999999996
177433033.1696,49999.89999999934,30004.499999999996
177433035.1696,49999.89999999934,30004.499999999996
177433037.1696,49999.79999999934,30004.499999999996
177433039.1696,49999.69999999934,30004.499999999996
177433041.1696,49999.69999999934,30004.499999999996
177433043.1696,49999.69999999934,30004.499999999996
177433045.1696,49999.69999999934,30004.499999999996
177433047.1696,49999.69999999934,30004.499999999996
177433049.1696,49999.69999999934,30004.499999999996
177433051.1696,49999.69999999934,30004.499999999996
177433053.1696,49999.79999999934,30004.499999999996
177433055.1696,49999.79999999934,30004.499999999996
177433057.1696,49999.79999999934,30004.499999999996
177433059.1696,49999.79999999934,30004.499999999996
177433061.1696,49999.79999999934,30004.499999999996
177433063.1696,49999.79999999934,30004.499999999996
177433065.1696,49999.79999999934,30004.499999999996
177433067.1696,49999.79999999934,30004.499999999996
177433069.1696,49999.79999999934,30004.499999999996
177433071.1696,49999.79999999934,30004.499999999996
177433073.1696,49999.79999999934,30004.499999999996
177433075.1696,49999.79999999934,30004.499999999996
177433077.1696,49999.79999999934,30004.499999999996
177433079.1696,49999.79999999934,30004.499999999996
177433081.1696,49999.79999999934,30004.499999999996
177433083.1696,49999.79999999934,30004.499999999996
177433085.1696,49999.79999999934,30004.499999999996
177433087.1696,49999.79999999934,30004.499999999996
177433089.1696,49999.79999999934,30004.499999999996
177433091.1696,49999.79999999934,30004.499999999996
177433093.1696,49999.79999999934,30004.499999999996
177433095.1696,49999.79999999934,30004.499999999996
177433097.1696,49999.79999999934,30004.499999999996
177433099.1696,49999.79999999934,30004.499999999996
177433101.1696,49999.79999999934,30004.499999999996
177433103.1696,78598.09999999934,30004.499999999996
177433105.1696,78598.09999999934,30004.499999999996
177433107.1696,78598.09999999934,30004.599999999995
177433109.1696,78598.09999999934,30004.599999999995
177433111.1696,78598.09999999934,30004.599999999995
177433113.1696,78598.09999999934,30004.599999999995
177433115.1696,78598.09999999934,30004.599999999995
177433117.1696,78598.09999999934,30004.599999999995
177433119.1696,78598.09999999934,30004.599999999995
177433121.1696,78598.09999999934,30004.599999999995
177433123.1696,78598.09999999934,30004.599999999995
177433125.1696,78598.09999999934,30004.599999999995
177433127.1696,78598.09999999934,30004.599999999995
177433129.1696,78598.09999999934,30004.599999999995
177433131.1696,78598.09999999934,30004.599999999995
177433133.1696,78598.09999999934,30004.599999999995
177433135.1696,78598.09999999934,30004.599999999995
177433137.1696,78598.09999999934,30004.599999999995
177433139.1696,78598.09999999934,30004.599999999995
177433141.1696,78598.09999999934,30004.599999999995
177433143.1696,78598.09999999934,30004.599999999995
177433145.1696,78598.09999999934,30004.599999999995
177433147.1696,78598.09999999934,30004.599999999995
177433149.1696,78598.09999999934,30004.599999999995
177433151.1696,78598.09999999934,30004.599999999995
177433153.1696,78598.09999999934,30004.599999999995
177433155.1696,78598.09999999934,30004.599999999995
177433157.1696,78598.09999999934,30004.599999999995
177433159.1696,78598.09999999934,30004.599999999995
177433161.1696,78598.09999999934,30004.599999999995
177433163.1696,78598.09999999934,30004.599999999995
177433165.1696,78598.09999999934,30004.599999999995
177433167.1696,78598.09999999934,30004.599999999995
177433169.1696,78598.09999999934,30004.599999999995
177433171.1696,78598.09999999934,30004.599999999995
177433173.1696,78598.09999999934,30004.599999999995
177433175.1696,78598.09999999934,30004.599999999995
177433177.1696,78598.09999999934,30004.599999999995
177433179.1696,78598.09999999934,30004.599999999995
177433181.1696,78598.09999999934,30004.599999999995
177433183.1696,78598.09999999934,30004.599999999995
177433185.1696,78598.09999999934,30004.599999999995
177433187.1696,78598.09999999934,30004.599999999995
177433189.1696,78598.09999999934,30004.599999999995
177433191.1696,78598.09999999934,30004.599999999995
177433193.1696,78598.09999999934,30004.599999999995
177433195.1696,78598.09999999934,30004.599999999995
177433197.1696,78598.09999999934,30004.599999999995
177433199.1696,78598.09999999934,30004.599999999995
177433201.1696,78598.09999999934,30004.599999999995
177433203.1696,78598.09999999934,30004.599999999995
177433205.1696,78598.09999999934,30004.599999999995
177433207.1696,78598.09999999934,30004.599999999995
177433209.1696,78598.09999999934,30004.599999999995
177433211.1696,78598.09999999934,30004.599999999995
177433213.1696,78598.09999999934,30004.599999999995
177433215.1696,78598.09999999934,30004.599999999995
177433217.1696,78598.09999999934,30004.599999999995
177433219.1696,78598.09999999934,30004.599999999995
177433221.1696,78598.09999999934,30004.499999999996
177433223.1696,78598.09999999934,30004.499999999996
177433225.1696,78598.09999999934,30004.499999999996
177433227.1696,78597.99999999933,30004.499999999996
177433229.1696,78597.99999999933,30004.499999999996
177433231.1696,78597.99999999933,30004.499999999996
177433233.1696,78597.99999999933,30004.499999999996
177433235.1696,78597.99999999933,30004.499999999996
177433237.1696,78597.99999999933,30004.499999999996
177433239.1696,78597.99999999933,30004.499999999996
177433241.1696,78597.99999999933,30004.499999999996
177433243.1696,78597.99999999933,30004.499999999996
177433245.1696,78597.99999999933,30004.499999999996
177433247.1696,78597.99999999933,30004.499999999996
177433249.1696,78597.99999999933,30004.499999999996
177433251.1696,78597.99999999933,30004.499999999996
177433253.1696,78597.99999999933,30004.499999999996
177433255.1696,78597.99999999933,30004.499999999996
177433257.1696,78597.99999999933,30004.499999999996
177433259.1696,78597.99999999933,30004.499999999996
177433261.1696,78597.99999999933,30004.499999999996
177433263.1696,78597.99999999933,30004.499999999996
177433265.1696,78597.99999999933,30004.499999999996
177433267.1696,78597.99999999933,30004.499999999996
177433269.1696,78597.99999999933,30004.499999999996
177433271.1696,78597.99999999933,30004.499999999996
177433273.1696,78597.99999999933,30004.499999999996
177433275.1696,78597.99999999933,30004.499999999996
177433277.1696,78597.99999999933,30004.499999999996
177433279.1696,78597.99999999933,30004.499999999996
177433281.1696,78597.99999999933,30004.499999999996
177433283.1696,78597.99999999933,30004.499999999996
177433285.1696,78597.99999999933,30004.499999999996
177433287.1696,78597.99999999933,30004.499999999996
177433289.1696,78597.99999999933,30004.499999999996
177433291.1696,78597.99999999933,30004.499999999996
177433293.1696,78597.99999999933,30004.499999999996
177433295.2696,78597.99999999933,30004.499999999996
177433297.1696,78597.99999999933,30004.499999999996
177433299.1696,78597.99999999933,30004.499999999996
177433301.1696,78597.99999999933,30004.499999999996
177433303.1696,78597.99999999933,30004.499999999996
177433305.1696,78597.99999999933,30004.499999999996
177433307.1696,78597.99999999933,30004.499999999996
177433309.1696,78597.99999999933,30004.499999999996
177433311.1696,78597.99999999933,30004.499999999996
177433313.1696,78597.99999999933,30004.499999999996
177433315.1696,78597.99999999933,30004.499999999996
177433317.1696,78597.99999999933,30004.499999999996
177433319.1696,78597.99999999933,30004.499999999996
177433321.1696,78597.99999999933,30004.499999999996
177433323.1696,78597.99999999933,30004.499999999996
177433325.1696,78597.99999999933,30004.499999999996
177433327.1696,78597.99999999933,30004.499999999996
177433329.1696,78597.99999999933,30004.499999999996
177433331.1696,78597.99999999933,30004.499999999996
177433333.1696,78597.99999999933,30004.499999999996
177433335.1696,78597.99999999933,30004.499999999996
177433337.1696,78597.99999999933,30004.499999999996
177433339.1696,78597.99999999933,30004.499999999996
177433341.1696,78597.99999999933,30004.499999999996
177433343.1696,78597.99999999933,30004.499999999996
177433345.1696,78597.99999999933,30004.499999999996
177433347.1696,78597.99999999933,30004.499999999996
177433349.1696,78597.99999999933,30004.499999999996
177433351.1696,78597.99999999933,30004.499999999996
177433353.1696,78597.89999999932,30004.499999999996
177433355.1696,78597.79999999932,30004.499999999996
177433357.1696,78597.79999999932,30004.499999999996
177433359.1696,78597.79999999932,30004.499999999996
177433361.1696,78597.79999999932,30004.499999999996
177433363.1696,78597.79999999932,30004.499999999996
177433365.1696,78597.79999999932,30004.499999999996
177433367.1696,78597.79999999932,30004.499999999996
177433369.1696,78597.79999999932,30004.499999999996
177433371.1696,78597.79999999932,30004.499999999996
177433373.1696,78597.79999999932,30004.499999999996
177433375.1696,78597.79999999932,30004.499999999996
177433377.1696,73738.49999999932,30004.499999999996
177433379.1696,73738.49999999932,30004.499999999996
177433381.1696,73738.49999999932,30004.499999999996
177433383.1696,73738.49999999932,30004.499999999996
177433385.1696,73738.49999999932,30004.499999999996
177433387.1696,73738.49999999932,30004.499999999996
177433389.1696,73738.49999999932,30004.499999999996
177433391.1696,73738.49999999932,30004.499999999996
177433393.1696,73738.49999999932,30004.499999999996
177433395.1696,73738.49999999932,30004.499999999996
177433397.1696,73738.49999999932,30004.499999999996
177433399.1696,73738.49999999932,30004.499999999996
177433401.1696,73738.49999999932,30004.499999999996
177433403.1696,73738.49999999932,30004.499999999996
177433405.1696,73738.49999999932,30004.499999999996
177433407.1696,73738.49999999932,30004.499999999996
177433409.1696,73738.49999999932,30004.499999999996
177433411.1696,73738.49999999932,30004.499999999996
177433413.1696,73738.49999999932,30004.499999999996
177433415.1696,73738.49999999932,30004.499999999996
177433417.1696,73738.49999999932,30004.499999999996
177433419.1696,73738.49999999932,30004.499999999996
177433421.1696,73738.49999999932,30004.499999999996
177433423.1696,73738.49999999932,30004.499999999996
177433425.1696,73738.29999999932,30004.499999999996
177433427.1696,73738.29999999932,30004.499999999996
177433429.1696,73738.29999999932,30004.499999999996
177433431.1696,73738.29999999932,30004.499999999996
177433433.1696,73738.29999999932,30004.499999999996
177433435.1696,73738.19999999931,30004.499999999996
177433437.1696,73738.19999999931,30004.499999999996
177433439.1696,73738.19999999931,30004.499999999996
177433441.1696,73738.19999999931,30004.499999999996
177433443.1696,73738.19999999931,30004.499999999996
177433445.1696,73738.19999999931,30004.499999999996
177433447.1696,73738.19999999931,30004.499999999996
177433449.1696,73738.19999999931,30004.499999999996
177433451.1696,73738.19999999931,30004.499999999996
177433453.1696,73738.19999999931,30004.499999999996
177433455.1696,73738.19999999931,30004.499999999996
177433457.1696,73738.19999999931,30004.499999999996
177433459.1696,73738.19999999931,30004.499999999996
177433461.1696,73738.19999999931,30004.499999999996
177433463.1696,73738.19999999931,30004.499999999996
177433465.1696,73738.19999999931,30004.499999999996
177433467.1696,73738.19999999931,30004.499999999996
177433469.1696,73738.19999999931,30004.499999999996
177433471.1696,73738.19999999931,30004.499999999996
177433473.1696,73738.19999999931,30004.499999999996
177433475.1696,73738.19999999931,30004.499999999996
177433477.1696,73738.19999999931,30004.499999999996
177433479.1696,73738.19999999931,30004.499999999996
177433481.1696,73738.19999999931,30004.499999999996
177433483.1696,73738.19999999931,30004.499999999996
177433485.1696,73738.19999999931,30004.499999999996
177433487.1696,73738.09999999931,30004.499999999996
177433489.1696,73738.09999999931,30004.499999999996
177433491.1696,73738.09999999931,30004.499999999996
177433493.1696,73738.09999999931,30004.499999999996
177433495.1696,73738.09999999931,30004.499999999996
177433497.1696,73738.09999999931,30004.499999999996
177433499.1696,73738.09999999931,30004.499999999996
177433501.1696,73738.09999999931,30004.499999999996
177433503.1696,73738.09999999931,30004.499999999996
177433505.1696,73738.09999999931,30004.499999999996
177433507.1696,73738.09999999931,30004.499999999996
177433509.1696,73738.09999999931,30004.499999999996
177433511.1696,73738.09999999931,30004.499999999996
177433513.1696,73738.09999999931,30004.499999999996
177433515.1696,73738.09999999931,30004.499999999996
177433517.1696,73738.09999999931,30004.499999999996
177433519.1696,73738.09999999931,30004.499999999996
177433521.1696,73738.09999999931,30004.499999999996
177433523.1696,73738.09999999931,30004.499999999996
177433525.1696,73738.09999999931,30004.499999999996
177433527.1696,73738.09999999931,30004.499999999996
177433529.1696,73738.09999999931,30004.499999999996
177433531.1696,73738.09999999931,30004.499999999996
177433533.1696,73738.09999999931,30004.499999999996
177433535.1696,73738.09999999931,30004.499999999996
177433537.1696,73738.09999999931,30004.499999999996
177433539.1696,73738.09999999931,30004.499999999996
177433541.1696,73738.09999999931,30004.499999999996
177433543.1696,73738.09999999931,30004.499999999996
177433545.1696,73738.09999999931,30004.499999999996
177433547.1696,73738.09999999931,30004.499999999996
177433549.1696,73738.09999999931,30004.499999999996
177433551.1696,73738.09999999931,30004.499999999996
177433553.1696,73738.09999999931,30004.499999999996
177433555.1696,73738.09999999931,30004.499999999996
177433557.1696,73738.09999999931,30004.499999999996
177433559.1696,73738.09999999931,30004.499999999996
177433561.1696,73738.09999999931,30004.499999999996
177433563.1696,73738.09999999931,30004.499999999996
177433565.1696,73738.09999999931,30004.499999999996
177433567.1696,73737.9999999993,30004.499999999996
177433569.1696,73737.9999999993,30004.499999999996
177433571.1696,73737.9999999993,30004.499999999996
177433573.1696,73737.9999999993,30004.499999999996
177433575.1696,73737.9999999993,30004.499999999996
177433577.1696,73737.9999999993,30004.499999999996
177433579.1696,73737.9999999993,30004.499999999996
177433581.1696,73737.9999999993,30004.499999999996
177433583.1696,73737.9999999993,30004.499999999996
177433585.1696,73737.9999999993,30004.499999999996
177433587.1696,73737.9999999993,30004.499999999996
177433589.1696,73737.9999999993,30004.499999999996
177433591.1696,73737.9999999993,30004.499999999996
177433593.1696,73737.9999999993,30004.499999999996
177433595.1696,73737.9999999993,30004.499999999996
177433597.1696,73737.9999999993,30004.499999999996
177433599.1696,73737.9999999993,30004.499999999996
177433601.1696,73737.9999999993,30004.499999999996
177433603.1696,73737.9999999993,30004.499999999996
177433605.1696,73737.9999999993,30004.499999999996
177433607.1696,73737.9999999993,30004.499999999996
177433609.1696,73737.9999999993,30004.499999999996
177433611.1696,69364.59999999931,30004.499999999996
177433613.1696,69364.59999999931,30004.499999999996
177433615.1696,69364.59999999931,30004.499999999996
177433617.1696,69364.59999999931,30004.499999999996
177433619.1696,69364.59999999931,30004.499999999996
177433621.1696,69364.59999999931,30004.499999999996
177433623.1696,69364.59999999931,30004.499999999996
177433625.1696,69364.59999999931,30004.499999999996
177433627.1696,69364.59999999931,30004.499999999996
177433629.1696,69364.59999999931,30004.499999999996
177433631.1696,69364.59999999931,30004.499999999996
177433633.1696,69364.59999999931,30004.499999999996
177433635.1696,69364.59999999931,30004.499999999996
177433637.1696,69364.59999999931,30004.499999999996
177433639.1696,69364.59999999931,30004.499999999996
177433641.1696,69364.59999999931,30004.499999999996
177433643.1696,69364.59999999931,30004.499999999996
177433645.1696,69364.59999999931,30004.499999999996
177433647.1696,69364.59999999931,30004.499999999996
177433649.1696,69364.59999999931,30004.499999999996
177433651.1696,69364.59999999931,30004.499999999996
177433653.1696,69364.59999999931,30004.499999999996
177433655.1696,69364.59999999931,30004.499999999996
177433657.1696,69364.59999999931,30004.499999999996
177433659.1696,69364.59999999931,30004.499999999996
177433661.1696,69364.59999999931,30004.499999999996
177433663.1696,69364.59999999931,30004.499999999996
177433665.1696,69364.59999999931,30004.499999999996
177433667.1696,69364.59999999931,30004.499999999996
177433669.1696,69364.59999999931,30004.499999999996
177433671.1696,69364.59999999931,30004.499999999996
177433673.1696,69364.59999999931,30004.499999999996
177433675.1696,69364.59999999931,30004.499999999996
177433677.1696,69364.4999999993,30004.499999999996
177433679.1696,69364.4999999993,30004.499999999996
177433681.1696,69364.4999999993,30004.499999999996
177433683.1696,69364.4999999993,30004.499999999996
177433685.1696,69364.4999999993,30004.499999999996
177433687.1696,69364.4999999993,30004.499999999996
177433689.1696,69364.4999999993,30004.499999999996
177433691.1696,69364.4999999993,30004.499999999996
177433693.1696,69364.4999999993,30004.499999999996
177433695.1696,69364.4999999993,30004.499999999996
177433697.1696,69364.4999999993,30004.499999999996
177433699.1696,69364.4999999993,30004.499999999996
177433701.1696,69364.4999999993,30004.499999999996
177433703.1696,69364.4999999993,30004.499999999996
177433705.1696,69364.4999999993,30004.499999999996
177433707.1696,69364.4999999993,30004.499999999996
177433709.1696,69364.4999999993,30004.499999999996
177433711.1696,69364.4999999993,30004.499999999996
177433713.1696,69364.4999999993,30004.499999999996
177433715.1696,69364.4999999993,30004.499999999996
177433717.1696,69364.4999999993,30004.499999999996
177433719.1696,69364.4999999993,30004.499999999996
177433721.1696,69364.4999999993,30004.499999999996
177433723.1696,69364.4999999993,30004.499999999996
177433725.1696,69364.4999999993,30004.499999999996
177433727.1696,69364.4999999993,30004.499999999996
177433729.1696,69364.4999999993,30004.499999999996
177433731.1696,69364.4999999993,30004.499999999996
177433733.1696,69364.4999999993,30004.499999999996
177433735.1696,69364.4999999993,30004.499999999996
177433737.1696,69364.4999999993,30004.499999999996
177433739.1696,69364.4999999993,30004.499999999996
177433741.1696,65428.4999999993,30004.499999999996
177433743.1696,65428.4999999993,30004.499999999996
177433745.1696,65428.4999999993,30004.499999999996
177433747.1696,65428.4999999993,30004.499999999996
177433749.1696,65428.4999999993,30004.499999999996
177433751.1696,65428.4999999993,30004.499999999996
177433753.1696,65428.4999999993,30004.499999999996
177433755.1696,65428.4999999993,30004.499999999996
177433757.1696,65428.4999999993,30004.499999999996
177433759.1696,65428.4999999993,30004.499999999996
177433761.1696,65428.4999999993,30004.499999999996
177433763.1696,65428.4999999993,30004.499999999996
177433765.1696,65428.4999999993,30004.499999999996
177433767.1696,65428.3999999993,30004.499999999996
177433769.1696,65428.3999999993,30004.499999999996
177433771.1696,65428.3999999993,30004.499999999996
177433773.1696,65428.3999999993,30004.499999999996
177433775.1696,65428.3999999993,30004.499999999996
177433777.1696,65428.3999999993,30004.499999999996
177433779.1696,65428.3999999993,30004.499999999996
177433781.1696,65428.3999999993,30004.499999999996
177433783.1696,65428.3999999993,30004.499999999996
177433785.1696,65428.3999999993,30004.499999999996
177433787.1696,61885.9999999993,30004.499999999996
177433789.1696,61885.9999999993,30004.499999999996
177433791.1696,61885.9999999993,30004.499999999996
177433793.1696,61885.9999999993,30004.499999999996
177433795.1696,61885.9999999993,30004.499999999996
177433797.1696,61885.9999999993,30004.499999999996
177433799.1696,61885.9999999993,30004.499999999996
177433801.1696,61885.9999999993,30004.499999999996
177433803.1696,61885.9999999993,30004.499999999996
177433805.1696,61885.9999999993,30004.499999999996
177433807.1696,61885.9999999993,30004.499999999996
177433809.1696,61885.9999999993,30004.499999999996
177433811.1696,61885.9999999993,30004.499999999996
177433813.1696,61885.9999999993,30004.499999999996
177433815.1696,61885.9999999993,30004.499999999996
177433817.1696,61885.9999999993,30004.499999999996
177433819.1696,61885.9999999993,30004.499999999996
177433821.1696,61885.9999999993,30004.499999999996
177433823.1696,61885.9999999993,30004.499999999996
177433825.1696,61885.9999999993,30004.499999999996
177433827.1696,61885.9999999993,30004.499999999996
177433829.1696,61885.9999999993,30004.499999999996
177433831.1696,61885.9999999993,30004.499999999996
177433833.1696,61885.9999999993,30004.499999999996
177433835.1696,61885.9999999993,30004.499999999996
177433837.1696,61885.9999999993,30004.499999999996
177433839.1696,61885.9999999993,30004.499999999996
177433841.1696,61885.9999999993,30004.499999999996
177433843.1696,61885.9999999993,30004.499999999996
177433845.1696,61885.9999999993,30004.499999999996
177433847.1696,61885.9999999993,30004.499999999996
177433849.1696,65428.3999999993,30004.499999999996
177433851.1696,65428.3999999993,30004.499999999996
177433853.1696,78599.6999999993,30004.499999999996
177433855.1696,78599.6999999993,30004.499999999996
177433857.1696,78599.6999999993,30004.499999999996
177433859.1696,78599.6999999993,30004.499999999996
177433861.1696,78599.6999999993,30004.499999999996
177433863.1696,78599.6999999993,30004.499999999996
177433865.1696,78599.6999999993,30004.499999999996
177433867.1696,78599.6999999993,30004.499999999996
177433869.1696,78599.6999999993,30004.499999999996
177433871.1696,78599.6999999993,30004.499999999996
177433873.1696,95856.9999999993,30004.499999999996
177433875.1696,95856.9999999993,30004.499999999996
177433877.1696,95857.09999999931,30004.499999999996
177433879.1696,111306.89999999931,30004.499999999996
177433881.1696,111307.69999999931,30004.499999999996
177433883.1696,111307.69999999931,30004.499999999996
177433885.1696,111307.69999999931,30004.499999999996
177433887.1696,111307.69999999931,30004.499999999996
177433889.1696,111307.69999999931,30004.499999999996
177433891.1696,111307.69999999931,30004.499999999996
177433893.1696,111307.69999999931,30004.499999999996
177433895.1696,111307.69999999931,30004.499999999996
177433897.1696,111307.69999999931,30004.499999999996
177433899.1696,111307.69999999931,30004.499999999996
177433901.1696,111307.69999999931,30004.499999999996
177433903.1696,111307.69999999931,30004.499999999996
177433905.1696,111307.69999999931,30004.499999999996
177433907.1696,111307.69999999931,30004.499999999996
177433909.1696,111307.69999999931,30004.499999999996
177433911.1696,111307.59999999931,30004.499999999996
177433913.1696,111307.59999999931,30004.499999999996
177433915.1696,111307.59999999931,30004.499999999996
177433917.1696,111307.59999999931,30004.499999999996
177433919.1696,111307.59999999931,30004.499999999996
177433921.1696,111307.59999999931,30004.499999999996
177433923.1696,111307.59999999931,30004.499999999996
177433925.1696,111307.59999999931,30004.499999999996
177433927.1696,111307.59999999931,30004.499999999996
177433929.1696,111307.59999999931,30004.499999999996
177433931.1696,111307.59999999931,30004.499999999996
177433933.1696,111307.59999999931,30004.499999999996
177433935.1696,111307.59999999931,30004.499999999996
177433937.1696,111307.59999999931,30004.499999999996
177433939.1696,111307.59999999931,30004.499999999996
177433941.1696,111307.59999999931,30004.499999999996
177433943.1696,111307.59999999931,30004.499999999996
177433945.1696,111307.59999999931,30004.499999999996
177433947.1696,111307.59999999931,30004.499999999996
177433949.1696,111307.59999999931,30004.499999999996
177433951.1696,111307.59999999931,30004.499999999996
177433953.1696,111307.59999999931,30004.499999999996
177433955.1696,111307.59999999931,30004.499999999996
177433957.1696,111307.59999999931,30004.499999999996
177433959.1696,111307.59999999931,30004.499999999996
177433961.1696,111307.59999999931,30004.499999999996
177433963.1696,111307.59999999931,30004.499999999996
177433965.1696,111307.59999999931,30004.499999999996
177433967.1696,111307.59999999931,30004.499999999996
177433969.1696,111307.59999999931,30004.499999999996
177433971.1696,111307.59999999931,30004.499999999996
177433973.1696,111307.59999999931,30004.499999999996
177433975.1696,111307.59999999931,30004.499999999996
177433977.1696,111307.59999999931,30004.499999999996
177433979.1696,111307.59999999931,30004.499999999996
177433981.1696,111307.59999999931,30004.499999999996
177433983.1696,111307.59999999931,30004.499999999996
177433985.1696,111307.59999999931,30004.499999999996
177433987.1696,111307.59999999931,30004.499999999996
177433989.1696,111307.59999999931,30004.499999999996
177433991.1696,111307.59999999931,30004.499999999996
177433993.1696,111307.59999999931,30004.499999999996
177433995.1696,111307.59999999931,30004.499999999996
177433997.1696,111307.59999999931,30004.499999999996
177433999.1696,111307.59999999931,30004.499999999996
177434001.1696,111307.59999999931,30004.499999999996
177434003.1696,111307.59999999931,30004.499999999996
177434005.1696,111307.59999999931,30004.499999999996
177434007.1696,111307.59999999931,30004.499999999996
177434009.1696,111307.59999999931,30004.499999999996
177434011.1696,111307.59999999931,30004.499999999996
177434013.1696,111307.59999999931,30004.499999999996
177434015.1696,111307.59999999931,30004.499999999996
177434017.1696,111307.59999999931,30004.499999999996
177434019.1696,111307.59999999931,30004.499999999996
177434021.1696,111307.59999999931,30004.499999999996
177434023.1696,111307.59999999931,30004.499999999996
177434025.1696,111307.59999999931,30004.499999999996
177434027.1696,111307.59999999931,30004.499999999996
177434029.1696,111307.59999999931,30004.499999999996
177434031.1696,111307.59999999931,30004.499999999996
177434033.1696,111307.59999999931,30004.499999999996
177434035.1696,111307.59999999931,30004.499999999996
177434037.1696,111307.59999999931,30004.499999999996
177434039.1696,111307.59999999931,30004.499999999996
177434041.1696,111307.59999999931,30004.499999999996
177434043.1696,111307.59999999931,30004.499999999996
177434045.1696,111307.59999999931,30004.499999999996
177434047.1696,111307.59999999931,30004.499999999996
177434049.1696,111307.59999999931,30004.499999999996
177434051.1696,111307.59999999931,30004.499999999996
177434053.1696,111307.59999999931,30004.499999999996
177434055.1696,111307.59999999931,30004.499999999996
177434057.1696,111307.59999999931,30004.499999999996
177434059.1696,111307.59999999931,30004.499999999996
177434061.1696,111307.59999999931,30004.499999999996
177434063.1696,111307.59999999931,30004.499999999996
177434065.1696,111307.59999999931,30004.499999999996
177434067.1696,111307.59999999931,30004.499999999996
177434069.1696,111307.59999999931,30004.499999999996
177434071.1696,111307.59999999931,30004.499999999996
177434073.1696,111307.59999999931,30004.499999999996
177434075.1696,111307.59999999931,30004.499999999996
177434077.1696,111307.59999999931,30004.499999999996
177434079.1696,111307.59999999931,30004.499999999996
177434081.1696,111307.59999999931,30004.499999999996
177434083.1696,111307.59999999931,30004.499999999996
177434085.1696,111307.59999999931,30004.499999999996
177434087.1696,111307.59999999931,30004.499999999996
177434089.1696,111307.59999999931,30004.499999999996
177434091.1696,111307.59999999931,30004.499999999996
177434093.1696,111307.59999999931,30004.499999999996
177434095.1696,111307.59999999931,30004.499999999996
177434097.1696,111307.59999999931,30004.499999999996
177434099.1696,111307.59999999931,30004.499999999996
177434101.1696,111307.59999999931,30004.499999999996
177434103.1696,111307.59999999931,30004.499999999996
177434105.1696,111307.59999999931,30004.499999999996
177434107.1696,111307.59999999931,30004.499999999996
177434109.1696,111307.59999999931,30004.499999999996
177434111.1696,111307.59999999931,30004.499999999996
177434113.1696,111307.59999999931,30004.499999999996
177434115.1696,111307.59999999931,30004.499999999996
177434117.1696,111307.59999999931,30004.499999999996
177434119.1696,111307.59999999931,30004.499999999996
177434121.1696,111307.59999999931,30004.499999999996
177434123.1696,111307.59999999931,30004.499999999996
177434125.1696,111307.59999999931,30004.499999999996
177434127.1696,111307.59999999931,30004.499999999996
177434129.1696,111307.59999999931,30004.499999999996
177434131.1696,111307.59999999931,30004.499999999996
177434133.1696,111307.59999999931,30004.499999999996
177434135.1696,111307.59999999931,30004.499999999996
177434137.1696,111307.59999999931,30004.499999999996
177434139.1696,111307.59999999931,30004.499999999996
177434141.1696,111307.59999999931,30004.499999999996
177434143.1696,111307.59999999931,30004.499999999996
177434145.1696,111307.59999999931,30004.499999999996
177434147.1696,111307.59999999931,30004.499999999996
177434149.1696,111307.59999999931,30004.499999999996
177434151.1696,111307.59999999931,30004.499999999996
177434153.1696,111307.59999999931,30004.499999999996
177434155.1696,111307.59999999931,30004.499999999996
177434157.1696,111307.59999999931,30004.499999999996
177434159.1696,111307.59999999931,30004.499999999996
177434161.1696,111307.59999999931,30004.499999999996
177434163.1696,111307.59999999931,30004.499999999996
177434165.1696,111307.59999999931,30004.499999999996
177434167.1696,111307.59999999931,30004.499999999996
177434169.1696,111307.59999999931,30004.499999999996
177434171.1696,111307.59999999931,30004.499999999996
177434173.1696,111307.59999999931,30004.499999999996
177434175.1696,111307.59999999931,30004.499999999996
177434177.1696,111307.59999999931,30004.499999999996
177434179.1696,111307.59999999931,30004.499999999996
177434181.1696,111307.59999999931,30004.499999999996
177434183.1696,111307.59999999931,30004.499999999996
177434185.1696,111307.59999999931,30004.499999999996
177434187.1696,111307.59999999931,30004.499999999996
177434189.1696,111307.59999999931,30004.499999999996
177434191.1696,111307.59999999931,30004.499999999996
177434193.1696,111307.59999999931,30004.499999999996
177434195.1696,111307.59999999931,30004.499999999996
177434197.1696,111307.59999999931,30004.499999999996
177434199.1696,111307.59999999931,30004.499999999996
177434201.1696,111307.59999999931,30004.499999999996
177434203.1696,111307.59999999931,30004.499999999996
177434205.1696,111307.59999999931,30004.499999999996
177434207.1696,111307.59999999931,30004.499999999996
177434209.1696,111307.59999999931,30004.499999999996
177434211.1696,111307.59999999931,30004.499999999996
177434213.1696,111307.59999999931,30004.499999999996
177434215.1696,111307.59999999931,30004.499999999996
177434217.1696,111307.59999999931,30004.499999999996
177434219.1696,111307.59999999931,30004.499999999996
177434221.1696,111307.59999999931,30004.499999999996
177434223.1696,111307.59999999931,30004.499999999996
177434225.1696,111307.59999999931,30004.499999999996
177434227.1696,111307.59999999931,30004.499999999996
177434229.1696,111307.59999999931,30004.499999999996
177434231.1696,111307.59999999931,30004.499999999996
177434233.1696,111307.59999999931,30004.499999999996
177434235.1696,111307.59999999931,30004.499999999996
177434237.1696,111307.59999999931,30004.499999999996
177434239.1696,111307.59999999931,30004.499999999996
177434241.1696,111307.59999999931,30004.499999999996
177434243.1696,111307.59999999931,30004.499999999996
177434245.1696,111307.59999999931,30004.499999999996
177434247.1696,111307.59999999931,30004.499999999996
177434249.1696,111307.59999999931,30004.499999999996
177434251.1696,111307.59999999931,30004.499999999996
177434253.1696,111307.59999999931,30004.499999999996
177434255.1696,111307.59999999931,30004.499999999996
177434257.1696,111307.59999999931,30004.499999999996
177434259.1696,111307.59999999931,30004.499999999996
177434261.1696,111307.59999999931,30004.499999999996
177434263.1696,111307.59999999931,30004.499999999996
177434265.1696,111307.59999999931,30004.499999999996
177434267.1696,111307.59999999931,30004.499999999996
177434269.1696,111307.59999999931,30004.499999999996
177434271.1696,111307.59999999931,30004.499999999996
177434273.1696,111307.59999999931,30004.499999999996
177434275.1696,111307.59999999931,30004.499999999996
177434277.1696,111307.59999999931,30004.499999999996
177434279.1696,111307.59999999931,30004.499999999996
177434281.1696,111307.59999999931,30004.499999999996
177434283.1696,111307.59999999931,30004.499999999996
177434285.1696,111307.59999999931,30004.499999999996
177434287.1696,111307.59999999931,30004.499999999996
177434289.1696,111307.4999999993,30004.499999999996
177434291.1696,111307.4999999993,30004.499999999996
177434293.1696,111307.4999999993,30004.499999999996
177434295.1696,111307.4999999993,30004.499999999996
177434297.1696,111307.4999999993,30004.499999999996
177434299.1696,111307.4999999993,30004.499999999996
177434301.1696,111307.4999999993,30004.499999999996
177434303.1696,111307.4999999993,30004.499999999996
177434305.1696,111307.4999999993,30004.499999999996
177434307.1696,111307.4999999993,30004.499999999996
177434309.1696,111307.4999999993,30004.499999999996
177434311.1696,111307.4999999993,30004.499999999996
177434313.1696,111307.4999999993,30004.499999999996
177434315.1696,111307.4999999993,30004.499999999996
177434317.1696,111307.4999999993,30004.499999999996
177434319.1696,111307.4999999993,30004.499999999996
177434321.1696,111307.4999999993,30004.499999999996
177434323.1696,111307.4999999993,30004.499999999996
177434325.1696,111307.4999999993,30004.499999999996
177434327.1696,111307.4999999993,30004.499999999996
177434329.1696,111307.4999999993,30004.499999999996
177434331.1696,111307.4999999993,30004.499999999996
177434333.1696,111307.4999999993,30004.499999999996
177434335.1696,111307.4999999993,30004.499999999996
177434337.1696,111307.4999999993,30004.499999999996
177434339.1696,111307.4999999993,30004.499999999996
177434341.1696,111307.4999999993,30004.499999999996
177434343.1696,111307.4999999993,30004.499999999996
177434345.1696,111307.4999999993,30004.499999999996
177434347.1696,111307.4999999993,30004.499999999996
177434349.1696,111307.3999999993,30004.499999999996
177434351.1696,111307.3999999993,30004.499999999996
177434353.1696,111307.3999999993,30004.499999999996
177434355.1696,111307.3999999993,30004.499999999996
177434357.1696,111307.3999999993,30004.499999999996
177434359.1696,111307.3999999993,30004.499999999996
177434361.1696,111307.3999999993,30004.499999999996
177434363.1696,111307.3999999993,30004.499999999996
177434365.1696,111307.3999999993,30004.499999999996
177434367.1696,111307.3999999993,30004.499999999996
177434369.1696,111307.3999999993,30004.499999999996
177434371.1696,111307.3999999993,30004.499999999996
177434373.1696,111307.3999999993,30004.499999999996
177434375.1696,111307.3999999993,30004.499999999996
177434377.1696,111307.3999999993,30004.499999999996
177434379.1696,111307.29999999929,30004.499999999996
177434381.1696,111307.29999999929,30004.499999999996
177434383.1696,111307.29999999929,30004.499999999996
177434385.1696,111307.29999999929,30004.499999999996
177434387.1696,103176.99999999929,30004.499999999996
177434389.1696,103176.99999999929,30004.499999999996
177434391.1696,103176.99999999929,30004.499999999996
177434393.1696,103176.99999999929,30004.499999999996
177434395.1696,103176.99999999929,30004.499999999996
177434397.1696,103176.99999999929,30004.499999999996
177434399.1696,103176.99999999929,30004.499999999996
177434401.1696,103176.99999999929,30004.499999999996
177434403.1696,103176.99999999929,30004.499999999996
177434405.1696,103176.99999999929,30004.499999999996
177434407.1696,103176.99999999929,30004.499999999996
177434409.1696,103176.99999999929,30004.499999999996
177434411.1696,103176.99999999929,30004.499999999996
177434413.1696,103176.99999999929,30004.499999999996
177434415.1696,103176.99999999929,30004.499999999996
177434417.1696,103176.99999999929,30004.499999999996
177434419.1696,103176.99999999929,30004.499999999996
177434421.1696,103176.99999999929,30004.499999999996
177434423.1696,103176.99999999929,30004.499999999996
177434425.1696,103176.99999999929,30004.499999999996
177434427.1696,103176.99999999929,30004.499999999996
177434429.1696,103176.99999999929,30004.499999999996
177434431.1696,103176.99999999929,30004.499999999996
177434433.1696,103176.99999999929,30004.499999999996
177434435.1696,103176.99999999929,30004.499999999996
177434437.1696,103176.99999999929,30004.499999999996
177434439.1696,103176.99999999929,30004.499999999996
177434441.1696,103176.99999999929,30004.499999999996
177434443.1696,103176.99999999929,30004.499999999996
177434445.1696,103176.99999999929,30004.499999999996
177434447.1696,103176.99999999929,30004.499999999996
177434449.1696,103176.99999999929,30004.499999999996
177434451.1696,103176.99999999929,30004.499999999996
177434453.1696,103176.99999999929,30004.499999999996
177434455.1696,103176.99999999929,30004.499999999996
177434457.1696,103176.99999999929,30004.499999999996
177434459.1696,103176.99999999929,30004.499999999996
177434461.1696,103176.99999999929,30004.499999999996
177434463.1696,103176.99999999929,30004.499999999996
177434465.1696,103176.99999999929,30004.499999999996
177434467.1696,103176.99999999929,30004.499999999996
177434469.1696,103176.99999999929,30004.499999999996
177434471.1696,103176.99999999929,30004.499999999996
177434473.1696,103176.99999999929,30004.499999999996
177434475.1696,103176.99999999929,30004.499999999996
177434477.1696,103176.99999999929,30004.499999999996
177434479.1696,103176.99999999929,30004.499999999996
177434481.1696,103176.99999999929,30004.499999999996
177434483.1696,103176.99999999929,30004.499999999996
177434485.1696,103176.99999999929,30004.499999999996
177434487.1696,103176.99999999929,30004.499999999996
177434489.1696,103176.99999999929,30004.499999999996
177434491.1696,103176.99999999929,30004.499999999996
177434493.1696,103176.99999999929,30004.499999999996
177434495.1696,103176.99999999929,30004.499999999996
177434497.1696,103176.99999999929,30004.499999999996
177434499.1696,103176.99999999929,30004.499999999996
177434501.1696,103176.99999999929,30004.499999999996
177434503.1696,103176.99999999929,30004.499999999996
177434505.1696,103176.89999999928,30004.499999999996
177434507.1696,103176.89999999928,30004.499999999996
177434509.1696,103176.89999999928,30004.499999999996
177434511.1696,103176.89999999928,30004.499999999996
177434513.1696,103176.89999999928,30004.499999999996
177434515.1696,103176.89999999928,30004.499999999996
177434517.1696,103176.89999999928,30004.499999999996
177434519.1696,103176.89999999928,30004.499999999996
177434521.1696,103176.89999999928,30004.499999999996
177434523.1696,103176.89999999928,30004.499999999996
177434525.1696,103176.89999999928,30004.499999999996
177434527.1696,103176.89999999928,30004.499999999996
177434529.1696,103176.89999999928,30004.499999999996
177434531.1696,103176.89999999928,30004.499999999996
177434533.1696,103176.89999999928,30004.499999999996
177434535.1696,103176.89999999928,30004.499999999996
177434537.1696,103176.89999999928,30004.499999999996
177434539.1696,103176.89999999928,30004.499999999996
177434541.1696,103176.89999999928,30004.499999999996
177434543.1696,103176.89999999928,30004.499999999996
177434545.1696,103176.89999999928,30004.499999999996
177434547.1696,103176.89999999928,30004.499999999996
177434549.1696,103176.89999999928,30004.499999999996
177434551.1696,103176.89999999928,30004.499999999996
177434553.1696,103176.89999999928,30004.499999999996
177434555.1696,103176.89999999928,30004.499999999996
177434557.1696,103176.89999999928,30004.499999999996
177434559.1696,103176.89999999928,30004.499999999996
177434561.1696,103176.89999999928,30004.499999999996
177434563.1696,103176.89999999928,30004.499999999996
177434565.1696,103176.89999999928,30004.499999999996
177434567.1696,103176.89999999928,30004.499999999996
177434569.1696,103176.89999999928,30004.499999999996
177434571.1696,103176.89999999928,30004.499999999996
177434573.1696,103176.89999999928,30004.499999999996
177434575.1696,103176.89999999928,30004.499999999996
177434577.1696,103176.89999999928,30004.499999999996
177434579.1696,103176.89999999928,30004.499999999996
177434581.1696,103176.89999999928,30004.499999999996
177434583.1696,103176.89999999928,30004.499999999996
177434585.1696,103176.89999999928,30004.499999999996
177434587.1696,103176.89999999928,30004.499999999996
177434589.1696,103176.89999999928,30004.499999999996
177434591.1696,103176.89999999928,30004.499999999996
177434593.1696,103176.89999999928,30004.499999999996
177434595.1696,103176.89999999928,30004.499999999996
177434597.1696,103176.79999999928,30004.499999999996
177434599.1696,103176.79999999928,30004.499999999996
177434601.1696,103176.79999999928,30004.499999999996
177434603.1696,103176.79999999928,30004.499999999996
177434605.1696,103176.79999999928,30004.499999999996
177434607.1696,103176.79999999928,30004.499999999996
177434609.1696,103176.79999999928,30004.499999999996
177434611.1696,103176.79999999928,30004.499999999996
177434613.1696,103176.79999999928,30004.499999999996
177434615.1696,103176.79999999928,30004.499999999996
177434617.1696,103176.79999999928,30004.499999999996
177434619.1696,103176.79999999928,30004.499999999996
177434621.1696,103176.79999999928,30004.499999999996
177434623.1696,103176.79999999928,30004.499999999996
177434625.1696,103176.79999999928,30004.499999999996
177434627.1696,103176.79999999928,30004.499999999996
177434629.1696,103176.79999999928,30004.499999999996
177434631.1696,103176.79999999928,30004.499999999996
177434633.1696,103176.79999999928,30004.499999999996
177434635.1696,103176.79999999928,30004.499999999996
177434637.1696,103176.79999999928,30004.499999999996
177434639.1696,103176.79999999928,30004.499999999996
177434641.1696,103176.79999999928,30004.499999999996
177434643.1696,103176.79999999928,30004.499999999996
177434645.1696,103176.79999999928,30004.499999999996
177434647.1696,103176.79999999928,30004.499999999996
177434649.1696,103176.79999999928,30004.499999999996
177434651.1696,103176.79999999928,30004.499999999996
177434653.1696,103176.79999999928,30004.499999999996
177434655.1696,103176.79999999928,30004.499999999996
177434657.1696,103176.79999999928,30004.499999999996
177434659.1696,103176.79999999928,30004.499999999996
177434661.1696,103176.79999999928,30004.499999999996
177434663.1696,103176.79999999928,30004.499999999996
177434665.1696,103176.79999999928,30004.499999999996
177434667.1696,103176.79999999928,30004.499999999996
177434669.1696,103176.69999999927,30004.499999999996
177434671.1696,103176.59999999926,30004.499999999996
177434673.1696,103176.59999999926,30004.499999999996
177434675.1696,103176.59999999926,30004.499999999996
177434677.1696,103176.59999999926,30004.499999999996
177434679.1696,103176.59999999926,30004.499999999996
177434681.1696,103176.59999999926,30004.499999999996
177434683.1696,103176.59999999926,30004.499999999996
177434685.1696,103176.59999999926,30004.499999999996
177434687.1696,103176.59999999926,30004.499999999996
177434689.1696,103176.59999999926,30004.499999999996
177434691.1696,103176.59999999926,30004.499999999996
177434693.1696,103176.59999999926,30004.499999999996
177434695.1696,103176.59999999926,30004.499999999996
177434697.1696,103176.59999999926,30004.499999999996
177434699.1696,103176.59999999926,30004.499999999996
177434701.1696,103176.59999999926,30004.499999999996
177434703.1696,103176.59999999926,30004.499999999996
177434705.1696,103176.59999999926,30004.499999999996
177434707.1696,103176.59999999926,30004.499999999996
177434709.1696,103176.59999999926,30004.499999999996
177434711.1696,103176.59999999926,30004.499999999996
177434713.1696,103176.59999999926,30004.499999999996
177434715.1696,103176.59999999926,30004.499999999996
177434717.1696,103176.59999999926,30004.499999999996
177434719.1696,103176.59999999926,30004.499999999996
177434721.1696,103176.59999999926,30004.499999999996
177434723.1696,103176.59999999926,30004.499999999996
177434725.1696,103176.59999999926,30004.499999999996
177434727.1696,103176.59999999926,30004.499999999996
177434729.1696,103176.59999999926,30004.499999999996
177434731.1696,103176.59999999926,30004.499999999996
177434733.1696,103176.59999999926,30004.499999999996
177434735.1696,103176.59999999926,30004.499999999996
177434737.1696,103176.59999999926,30004.499999999996
177434739.1696,103176.59999999926,30004.499999999996
177434741.1696,103176.59999999926,30004.499999999996
177434743.1696,103176.59999999926,30004.499999999996
177434745.1696,103176.59999999926,30004.499999999996
177434747.1696,103176.59999999926,30004.499999999996
177434749.1696,103176.59999999926,30004.499999999996
177434751.1696,103176.59999999926,30004.499999999996
177434753.1696,103176.59999999926,30004.499999999996
177434755.1696,103176.59999999926,30004.499999999996
177434757.1696,103176.59999999926,30004.499999999996
177434759.1696,103176.59999999926,30004.499999999996
177434761.1696,103176.59999999926,30004.499999999996
177434763.1696,103176.59999999926,30004.499999999996
177434765.1696,103176.59999999926,30004.499999999996
177434767.1696,103176.59999999926,30004.499999999996
177434769.1696,103176.59999999926,30004.499999999996
177434771.1696,103176.59999999926,30004.499999999996
177434773.1696,103176.59999999926,30004.499999999996
177434775.1696,103176.59999999926,30004.499999999996
177434777.1696,103176.59999999926,30004.499999999996
177434779.1696,103176.59999999926,30004.499999999996
177434781.1696,103176.59999999926,30004.499999999996
177434783.1696,103176.59999999926,30004.499999999996
177434785.1696,103176.59999999926,30004.499999999996
177434787.1696,103176.59999999926,30004.499999999996
177434789.1696,103176.59999999926,30004.499999999996
177434791.1696,103176.59999999926,30004.499999999996
177434793.1696,103176.59999999926,30004.499999999996
177434795.1696,103176.59999999926,30004.499999999996
177434797.1696,103176.59999999926,30004.499999999996
177434799.1696,103176.59999999926,30004.499999999996
177434801.1696,103176.59999999926,30004.499999999996
177434803.1696,103176.59999999926,30004.499999999996
177434805.1696,103176.59999999926,30004.499999999996
177434807.1696,103176.59999999926,30004.499999999996
177434809.1696,103176.59999999926,30004.499999999996
177434811.1696,103176.49999999926,30004.499999999996
177434813.1696,103176.49999999926,30004.499999999996
177434815.1696,103176.49999999926,30004.499999999996
177434817.1696,103176.49999999926,30004.499999999996
177434819.1696,103176.49999999926,30004.499999999996
177434821.1696,103176.49999999926,30004.499999999996
177434823.1696,103176.39999999925,30004.499999999996
177434825.1696,103176.39999999925,30004.499999999996
177434827.1696,103176.39999999925,30004.499999999996
177434829.1696,103176.39999999925,30004.499999999996
177434831.1696,103176.39999999925,30004.499999999996
177434833.1696,103176.39999999925,30004.499999999996
177434835.1696,103176.39999999925,30004.499999999996
177434837.1696,103176.39999999925,30004.499999999996
177434839.1696,103176.39999999925,30004.499999999996
177434841.1696,103176.39999999925,30004.499999999996
177434843.1696,103176.39999999925,30004.499999999996
177434845.1696,103176.39999999925,30004.499999999996
177434847.1696,103176.39999999925,30004.499999999996
177434849.1696,103176.39999999925,30004.499999999996
177434851.1696,103176.39999999925,30004.499999999996
177434853.1696,103176.39999999925,30004.499999999996
177434855.1696,103176.39999999925,30004.499999999996
177434857.1696,103176.39999999925,30004.499999999996
177434859.1696,103176.39999999925,30004.499999999996
177434861.1696,103176.39999999925,30004.499999999996
177434863.1696,103176.39999999925,30004.499999999996
177434865.1696,103176.39999999925,30004.499999999996
177434867.1696,103176.39999999925,30004.499999999996
177434869.1696,103176.39999999925,30004.499999999996
177434871.1696,103176.39999999925,30004.499999999996
177434873.1696,103176.39999999925,30004.499999999996
177434875.1696,103176.39999999925,30004.499999999996
177434877.1696,103176.39999999925,30004.499999999996
177434879.1696,103176.39999999925,30004.499999999996
177434881.1696,103176.39999999925,30004.499999999996
177434883.1696,103176.29999999925,30004.499999999996
177434885.1696,103176.29999999925,30004.499999999996
177434887.1696,103176.29999999925,30004.499999999996
177434889.1696,103176.29999999925,30004.299999999996
177434891.1696,103176.29999999925,30004.299999999996
177434893.1696,103176.29999999925,30004.299999999996
177434895.1696,103176.29999999925,30004.299999999996
177434897.1696,103176.29999999925,30004.299999999996
177434899.1696,103176.29999999925,30004.299999999996
177434901.1696,103176.29999999925,30004.299999999996
177434903.1696,103176.29999999925,30004.299999999996
177434905.1696,103176.29999999925,30004.299999999996
177434907.1696,103176.29999999925,30004.299999999996
177434909.1696,103176.29999999925,30004.299999999996
177434911.1696,103176.29999999925,30004.299999999996
177434913.1696,103176.29999999925,30004.299999999996
177434915.1696,103176.29999999925,30004.299999999996
177434917.1696,103176.29999999925,30004.299999999996
177434919.1696,103176.29999999925,30004.299999999996
177434921.1696,103176.29999999925,30004.299999999996
177434923.1696,103176.29999999925,30004.299999999996
177434925.1696,103176.29999999925,30004.299999999996
177434927.1696,103176.29999999925,30004.299999999996
177434929.1696,103176.29999999925,30004.299999999996
177434931.1696,103176.29999999925,30004.299999999996
177434933.1696,103176.29999999925,30004.299999999996
177434935.1696,103176.29999999925,30004.299999999996
177434937.1696,103176.29999999925,30004.299999999996
177434939.1696,103176.29999999925,30004.299999999996
177434941.1696,103176.29999999925,30004.299999999996
177434943.1696,103176.29999999925,30004.299999999996
177434945.1696,103176.29999999925,30004.299999999996
177434947.1696,103176.29999999925,30004.299999999996
177434949.1696,103176.29999999925,30004.299999999996
177434951.1696,103176.29999999925,30004.299999999996
177434953.1696,103176.29999999925,30004.299999999996
177434955.1696,95859.09999999925,30004.299999999996
177434957.1696,95859.09999999925,30004.299999999996
177434959.1696,95859.09999999925,30004.299999999996
177434961.1696,95859.09999999925,30004.299999999996
177434963.1696,95859.09999999925,30004.299999999996
177434965.1696,95859.09999999925,30004.299999999996
177434967.1696,95859.09999999925,30004.299999999996
177434969.1696,95859.09999999925,30004.299999999996
177434971.1696,95859.09999999925,30004.299999999996
177434973.1696,95859.09999999925,30004.299999999996
177434975.1696,95859.09999999925,30004.299999999996
177434977.1696,95859.09999999925,30004.299999999996
177434979.1696,95859.09999999925,30004.299999999996
177434981.1696,95859.09999999925,30004.299999999996
177434983.1696,95859.09999999925,30004.299999999996
177434985.1696,95859.09999999925,30004.299999999996
177434987.1696,95859.09999999925,30004.299999999996
177434989.1696,95859.09999999925,30004.299999999996
177434991.1696,95859.09999999925,30004.299999999996
177434993.1696,95859.09999999925,30004.299999999996
177434995.1696,95859.09999999925,30004.299999999996
177434997.1696,95859.09999999925,30004.299999999996
177434999.1696,95859.09999999925,30004.299999999996
177435001.1696,95859.09999999925,30004.299999999996
177435003.1696,95859.09999999925,30004.299999999996
177435005.1696,95859.09999999925,30004.299999999996
177435007.1696,95859.09999999925,30004.299999999996
177435009.1696,95859.09999999925,30004.299999999996
177435011.1696,95859.09999999925,30004.299999999996
177435013.1696,95859.09999999925,30004.299999999996
177435015.1696,95859.09999999925,30004.299999999996
177435017.1696,95859.09999999925,30004.299999999996
177435019.1696,95859.09999999925,30004.299999999996
177435021.1696,95859.09999999925,30004.299999999996
177435023.1696,95858.99999999924,30004.299999999996
177435025.1696,95858.99999999924,30004.299999999996
177435027.1696,95858.99999999924,30004.299999999996
177435029.1696,95858.99999999924,30004.299999999996
177435031.1696,95858.99999999924,30004.299999999996
177435033.1696,95858.99999999924,30004.299999999996
177435035.1696,95858.99999999924,30004.299999999996
177435037.1696,95858.99999999924,30004.299999999996
177435039.1696,95858.99999999924,30004.299999999996
177435041.1696,95858.99999999924,30004.299999999996
177435043.1696,95858.99999999924,30004.299999999996
177435045.1696,95858.99999999924,30004.299999999996
177435047.1696,95858.99999999924,30004.299999999996
177435049.1696,95858.99999999924,30004.299999999996
177435051.1696,95858.99999999924,30004.299999999996
177435053.1696,95858.99999999924,30004.299999999996
177435055.1696,95858.99999999924,30004.299999999996
177435057.1696,95858.99999999924,30004.299999999996
177435059.1696,95858.99999999924,30004.299999999996
177435061.1696,95858.99999999924,30004.299999999996
177435063.1696,95858.99999999924,30004.299999999996
177435065.1696,95858.99999999924,30004.299999999996
177435067.1696,95858.99999999924,30004.299999999996
177435069.1696,95858.99999999924,30004.299999999996
177435071.1696,95858.99999999924,30004.299999999996
177435073.1696,95858.99999999924,30004.299999999996
177435075.1696,95858.99999999924,30004.299999999996
177435077.1696,95858.99999999924,30004.299999999996
177435079.1696,95858.99999999924,30004.299999999996
177435081.1696,95858.99999999924,30004.299999999996
177435083.1696,95858.99999999924,30004.299999999996
177435085.1696,95858.99999999924,30004.299999999996
177435087.1696,95858.99999999924,30004.299999999996
177435089.1696,95858.99999999924,30004.299999999996
177435091.1696,95858.99999999924,30004.299999999996
177435093.1696,95858.99999999924,30004.299999999996
177435095.1696,95858.99999999924,30004.299999999996
177435097.1696,95858.99999999924,30004.299999999996
177435099.1696,95858.99999999924,30004.299999999996
177435101.1696,95858.99999999924,30004.299999999996
177435103.1696,95858.99999999924,30004.299999999996
177435105.1696,95858.99999999924,30004.299999999996
177435107.1696,95858.99999999924,30004.299999999996
177435109.1696,95858.99999999924,30004.299999999996
177435111.1696,95858.99999999924,30004.299999999996
177435113.1696,95858.99999999924,30004.299999999996
177435115.1696,95858.99999999924,30004.299999999996
177435117.1696,95858.99999999924,30004.299999999996
177435119.1696,95858.99999999924,30004.299999999996
177435121.1696,95858.99999999924,30004.299999999996
177435123.1696,95858.99999999924,30004.299999999996
177435125.1696,95858.99999999924,30004.299999999996
177435127.1696,95858.99999999924,30004.299999999996
177435129.1696,95858.99999999924,30004.299999999996
177435131.1696,95858.99999999924,30004.299999999996
177435133.1696,95858.99999999924,30004.299999999996
177435135.1696,95858.99999999924,30004.299999999996
177435137.1696,95858.99999999924,30004.299999999996
177435139.1696,95858.99999999924,30004.299999999996
177435141.1696,95858.89999999924,30004.299999999996
177435143.1696,95858.89999999924,30004.299999999996
177435145.1696,95858.89999999924,30004.299999999996
177435147.1696,95858.89999999924,30004.299999999996
177435149.1696,95858.89999999924,30004.299999999996
177435151.1696,95858.89999999924,30004.299999999996
177435153.1696,95858.89999999924,30004.299999999996
177435155.1696,95858.89999999924,30004.299999999996
177435157.1696,95858.89999999924,30004.299999999996
177435159.1696,95858.89999999924,30004.299999999996
177435161.1696,95858.89999999924,30004.299999999996
177435163.1696,95858.89999999924,30004.299999999996
177435165.1696,95858.89999999924,30004.299999999996
177435167.1696,95858.89999999924,30004.299999999996
177435169.1696,95858.89999999924,30004.299999999996
177435171.1696,95858.89999999924,30004.299999999996
177435173.1696,95858.79999999923,30004.299999999996
177435175.1696,95858.79999999923,30004.299999999996
177435177.1696,95858.79999999923,30004.299999999996
177435179.1696,95858.79999999923,30004.299999999996
177435181.1696,95858.79999999923,30004.299999999996
177435183.1696,95858.79999999923,30004.299999999996
177435185.1696,95858.79999999923,30004.299999999996
177435187.1696,95858.79999999923,30004.299999999996
177435189.1696,95858.79999999923,30004.299999999996
177435191.1696,95858.79999999923,30004.299999999996
177435193.1696,95858.69999999923,30004.299999999996
177435195.1696,95858.69999999923,30004.299999999996
177435197.1696,95858.69999999923,30004.299999999996
177435199.1696,95858.69999999923,30004.299999999996
177435201.1696,95858.69999999923,30004.299999999996
177435203.1696,95858.69999999923,30004.299999999996
177435205.1696,95858.69999999923,30004.299999999996
177435207.1696,95858.69999999923,30004.299999999996
177435209.1696,95858.59999999922,30004.299999999996
177435211.1696,95858.49999999921,30004.299999999996
177435213.1696,89273.09999999922,30004.299999999996
177435215.1696,89272.99999999921,30004.299999999996
177435217.1696,89272.89999999921,30004.299999999996
177435219.1696,89272.89999999921,30004.299999999996
177435221.1696,89272.89999999921,30004.299999999996
177435223.1696,89272.89999999921,30004.299999999996
177435225.1696,89272.89999999921,30004.299999999996
177435227.1696,89272.89999999921,30004.299999999996
177435229.1696,89272.89999999921,30004.299999999996
177435231.1696,89272.89999999921,30004.299999999996
177435233.1696,89272.89999999921,30004.299999999996
177435235.1696,89272.89999999921,30004.299999999996
177435237.1696,89272.89999999921,30004.299999999996
177435239.1696,89272.89999999921,30004.299999999996
177435241.1696,89272.89999999921,30004.299999999996
177435243.1696,89272.89999999921,30004.299999999996
177435245.1696,89272.89999999921,30004.299999999996
177435247.1696,89272.89999999921,30004.299999999996
177435249.1696,89272.89999999921,30004.299999999996
177435251.1696,89272.89999999921,30004.299999999996
177435253.1696,89272.89999999921,30004.299999999996
177435255.1696,89272.89999999921,30004.299999999996
177435257.1696,89272.89999999921,30004.299999999996
177435259.1696,89272.89999999921,30004.299999999996
177435261.1696,89272.89999999921,30004.299999999996
177435263.1696,89272.89999999921,30004.299999999996
177435265.1696,89272.89999999921,30004.299999999996
177435267.1696,89272.89999999921,30004.299999999996
177435269.1696,89272.89999999921,30004.299999999996
177435271.1696,89272.89999999921,30004.299999999996
177435273.1696,89272.89999999921,30004.299999999996
177435275.1696,89272.89999999921,30004.299999999996
177435277.1696,89272.89999999921,30004.299999999996
177435281.1696,89272.89999999921,30004.299999999996
177435291.1696,89272.89999999921,30004.299999999996
177435293.1696,89272.89999999921,30004.299999999996
177435295.1696,89272.89999999921,30004.299999999996
177435297.1696,89272.89999999921,30004.299999999996
177435299.1696,89272.89999999921,30004.299999999996
177435301.1696,89272.89999999921,30004.299999999996
177435303.1696,89272.89999999921,30004.299999999996
177435305.1696,89272.89999999921,30004.299999999996
177435307.1696,89272.89999999921,30004.299999999996
177435309.1696,89272.89999999921,30004.299999999996
177435311.1696,89272.7999999992,30004.299999999996
177435313.1696,89272.7999999992,30004.299999999996
177435315.1696,89272.7999999992,30004.299999999996
177435317.1696,89272.6999999992,30004.299999999996
177435319.1696,89272.6999999992,30004.299999999996
177435321.1696,89272.6999999992,30004.299999999996
177435323.1696,89272.6999999992,30004.299999999996
177435325.1696,89272.6999999992,30004.299999999996
177435327.1696,89272.6999999992,30004.299999999996
177435329.1696,89272.6999999992,30004.299999999996
177435331.1696,89272.6999999992,30004.299999999996
177435333.1696,89272.6999999992,30004.299999999996
177435335.1696,89272.6999999992,30004.299999999996
177435337.1696,89272.6999999992,30004.299999999996
177435339.1696,89272.6999999992,30004.299999999996
177435341.1696,89272.6999999992,30004.299999999996
177435343.1696,89272.6999999992,30004.299999999996
177435345.1696,89272.6999999992,30004.299999999996
177435347.1696,89272.6999999992,30004.299999999996
177435349.1696,89272.6999999992,30004.299999999996
177435351.1696,89272.6999999992,30004.299999999996
177435353.1696,89272.6999999992,30004.299999999996
177435355.1696,89272.6999999992,30004.299999999996
177435357.1696,89272.6999999992,30004.299999999996
177435359.1696,89272.6999999992,30004.299999999996
177435361.1696,89272.6999999992,30004.299999999996
177435363.1696,89272.6999999992,30004.299999999996
177435365.1696,89272.6999999992,30004.299999999996
177435367.1696,89272.6999999992,30004.299999999996
177435369.1696,89272.6999999992,30004.299999999996
177435371.1696,89272.6999999992,30004.299999999996
177435373.1696,89272.6999999992,30004.299999999996
177435375.1696,89272.6999999992,30004.299999999996
177435377.1696,89272.6999999992,30004.299999999996
177435379.1696,89272.6999999992,30004.299999999996
177435381.1696,89272.6999999992,30004.299999999996
177435383.1696,89272.6999999992,30004.299999999996
177435385.1696,89272.6999999992,30004.299999999996
177435387.1696,89272.6999999992,30004.299999999996
177435389.1696,89272.6999999992,30004.299999999996
177435391.1696,89272.6999999992,30004.299999999996
177435393.1696,89272.6999999992,30004.299999999996
177435395.1696,89272.6999999992,30004.299999999996
177435397.1696,89272.6999999992,30004.299999999996
177435399.1696,89272.6999999992,30004.299999999996
177435401.1696,89272.6999999992,30004.299999999996
177435403.1696,89272.6999999992,30004.299999999996
177435405.1696,89272.6999999992,30004.299999999996
177435407.1696,89272.6999999992,30004.299999999996
177435409.1696,89272.6999999992,30004.299999999996
177435411.1696,89272.6999999992,30004.299999999996
177435413.1696,89272.6999999992,30004.299999999996
177435415.1696,89272.6999999992,30004.299999999996
177435417.1696,89272.6999999992,30004.299999999996
177435419.1696,89272.6999999992,30004.299999999996
177435421.1696,89272.6999999992,30004.299999999996
177435423.1696,89272.6999999992,30004.299999999996
177435425.1696,89272.6999999992,30004.299999999996
177435427.1696,89272.6999999992,30004.299999999996
177435429.1696,89272.6999999992,30004.299999999996
177435431.1696,89272.6999999992,30004.299999999996
177435433.1696,89272.6999999992,30004.299999999996
177435435.1696,89272.6999999992,30004.299999999996
177435437.1696,89272.6999999992,30004.299999999996
177435439.1696,89272.6999999992,30004.299999999996
177435441.1696,89272.6999999992,30004.299999999996
177435443.1696,89272.6999999992,30004.299999999996
177435445.1696,89272.6999999992,30004.299999999996
177435447.1696,89272.6999999992,30004.299999999996
177435449.1696,89272.6999999992,30004.299999999996
177435451.1696,89272.6999999992,30004.299999999996
177435453.1696,89272.6999999992,30004.299999999996
177435455.1696,89272.6999999992,30004.299999999996
177435457.1696,89272.6999999992,30004.299999999996
177435459.1696,89272.6999999992,30004.299999999996
177435461.1696,89272.6999999992,30004.299999999996
177435463.1696,89272.6999999992,30004.299999999996
177435465.1696,89272.6999999992,30004.299999999996
177435467.1696,89272.6999999992,30004.299999999996
177435469.1696,89272.6999999992,30004.299999999996
177435471.1696,89272.6999999992,30004.299999999996
177435473.1696,89272.6999999992,30004.299999999996
177435475.1696,89272.6999999992,30004.299999999996
177435477.1696,89272.6999999992,30004.299999999996
177435479.1696,89272.6999999992,30004.299999999996
177435481.1696,89272.6999999992,30004.299999999996
177435483.1696,89272.6999999992,30004.299999999996
177435485.1696,89272.6999999992,30004.299999999996
177435487.1696,89272.6999999992,30004.299999999996
177435489.1696,89272.6999999992,30004.299999999996
177435491.1696,89272.6999999992,30004.299999999996
177435493.1696,89272.6999999992,30004.299999999996
177435495.1696,89272.6999999992,30004.299999999996
177435497.1696,89272.6999999992,30004.299999999996
177435499.1696,89272.6999999992,30004.299999999996
177435501.1696,89272.6999999992,30004.299999999996
177435503.1696,89272.6999999992,30004.299999999996
177435505.1696,89272.6999999992,30004.299999999996
177435507.1696,89272.6999999992,30004.299999999996
177435509.1696,89272.6999999992,30004.299999999996
177435511.1696,89272.6999999992,30004.299999999996
177435513.1696,89272.6999999992,30004.299999999996
177435515.1696,89272.6999999992,30004.299999999996
177435517.1696,89272.6999999992,30004.299999999996
177435519.1696,89272.6999999992,30004.299999999996
177435521.1696,89272.6999999992,30004.299999999996
177435523.1696,89272.6999999992,30004.299999999996
177435525.1696,89272.6999999992,30004.299999999996
177435527.1696,89272.6999999992,30004.299999999996
177435529.1696,89272.6999999992,30004.299999999996
177435531.1696,89272.6999999992,30004.299999999996
177435533.1696,89272.6999999992,30004.299999999996
177435535.1696,89272.6999999992,30004.299999999996
177435537.1696,89272.6999999992,30004.299999999996
177435539.1696,89272.6999999992,30004.299999999996
177435541.1696,89272.6999999992,30004.299999999996
177435543.1696,89272.6999999992,30004.299999999996
177435545.1696,89272.6999999992,30004.299999999996
177435547.1696,89272.6999999992,30004.299999999996
177435549.1696,89272.6999999992,30004.299999999996
177435551.1696,89272.6999999992,30004.299999999996
177435553.1696,89272.6999999992,30004.299999999996
177435555.1696,89272.6999999992,30004.299999999996
177435557.1696,89272.6999999992,30004.299999999996
177435559.1696,89272.6999999992,30004.299999999996
177435561.1696,89272.6999999992,30004.299999999996
177435563.1696,89272.6999999992,30004.299999999996
177435565.1696,89272.6999999992,30004.299999999996
177435567.1696,89272.6999999992,30004.299999999996
177435569.1696,89272.6999999992,30004.299999999996
177435571.1696,89272.6999999992,30004.299999999996
177435573.1696,89272.6999999992,30004.299999999996
177435575.1696,89272.6999999992,30004.299999999996
177435577.1696,89272.6999999992,30004.299999999996
177435579.1696,89272.6999999992,30004.299999999996
177435581.1696,89272.6999999992,30004.299999999996
177435583.1696,89272.6999999992,30004.299999999996
177435585.1696,89272.6999999992,30004.299999999996
177435587.1696,89272.6999999992,30004.299999999996
177435589.1696,89272.6999999992,30004.299999999996
177435591.1696,89272.6999999992,30004.299999999996
177435593.1696,89272.6999999992,30004.299999999996
177435595.1696,89272.6999999992,30004.399999999994
177435597.1696,89272.6999999992,30004.399999999994
177435599.1696,89272.6999999992,30004.399999999994
177435601.1696,89272.6999999992,30004.399999999994
177435603.1696,89272.6999999992,30004.399999999994
177435605.1696,89272.6999999992,30004.399999999994
177435607.1696,89272.6999999992,30004.399999999994
177435609.1696,89272.6999999992,30004.399999999994
177435611.1696,89272.6999999992,30004.399999999994
177435613.1696,89272.6999999992,30004.399999999994
177435615.1696,89272.6999999992,30004.399999999994
177435617.1696,89272.6999999992,30004.399999999994
177435619.1696,89272.6999999992,30004.399999999994
177435621.1696,89272.6999999992,30004.399999999994
177435623.1696,89272.6999999992,30004.399999999994
177435625.1696,89272.6999999992,30004.399999999994
177435627.1696,89272.6999999992,30004.399999999994
177435629.1696,89272.6999999992,30004.399999999994
177435631.1696,89272.6999999992,30004.399999999994
177435633.1696,89272.6999999992,30004.399999999994
177435635.1696,89272.59999999919,30004.399999999994
177435637.1696,89272.59999999919,30004.399999999994
177435639.1696,89272.59999999919,30004.399999999994
177435641.1696,89272.59999999919,30004.399999999994
177435643.1696,89272.59999999919,30004.399999999994
177435645.1696,89272.59999999919,30004.399999999994
177435647.1696,89272.59999999919,30004.399999999994
177435649.1696,89272.59999999919,30004.399999999994
177435651.1696,89272.59999999919,30004.399999999994
177435653.1696,89272.59999999919,30004.399999999994
177435655.1696,89272.59999999919,30004.399999999994
177435657.1696,89272.59999999919,30004.299999999996
177435659.1696,89272.59999999919,30004.299999999996
177435661.1696,89272.59999999919,30004.299999999996
177435663.1696,95858.99999999919,30004.299999999996
177435665.1696,95858.99999999919,30004.299999999996
177435667.1696,95858.99999999919,30004.299999999996
177435669.1696,95858.99999999919,30004.299999999996
177435671.1696,95858.99999999919,30004.299999999996
177435673.1696,95858.99999999919,30004.299999999996
177435675.1696,95858.99999999919,30004.299999999996
177435677.1696,95858.99999999919,30004.299999999996
177435679.1696,95858.99999999919,30004.299999999996
177435681.1696,95858.99999999919,30004.299999999996
177435683.1696,95858.99999999919,30004.299999999996
177435685.1696,95858.99999999919,30004.299999999996
177435687.1696,95858.99999999919,30004.299999999996
177435689.1696,95858.99999999919,30004.299999999996
177435691.1696,95858.89999999918,30004.299999999996
177435693.1696,95858.89999999918,30004.299999999996
177435695.1696,95858.89999999918,30004.299999999996
177435697.1696,95858.89999999918,30004.299999999996
177435699.1696,95858.89999999918,30004.299999999996
177435701.1696,95858.89999999918,30004.299999999996
177435703.1696,95858.89999999918,30004.299999999996
177435705.1696,95858.89999999918,30004.299999999996
177435707.1696,95858.89999999918,30004.299999999996
177435709.1696,95858.89999999918,30004.299999999996
177435711.1696,95858.89999999918,30004.299999999996
177435713.1696,95858.89999999918,30004.299999999996
177435715.1696,95858.89999999918,30004.299999999996
177435717.1696,95858.89999999918,30004.299999999996
177435719.1696,95858.89999999918,30004.299999999996
177435721.1696,95858.89999999918,30004.299999999996
177435723.1696,95858.89999999918,30004.299999999996
177435725.1696,95858.89999999918,30004.299999999996
177435727.1696,95858.89999999918,30004.299999999996
177435729.1696,95858.89999999918,30004.299999999996
177435731.1696,95858.89999999918,30004.299999999996
177435733.1696,95858.89999999918,30004.299999999996
177435735.1696,95858.89999999918,30004.299999999996
177435737.1696,95858.89999999918,30004.299999999996
177435739.1696,95858.89999999918,30004.299999999996
177435741.1696,95858.89999999918,30004.299999999996
177435743.1696,95858.89999999918,30004.299999999996
177435745.1696,95858.89999999918,30004.299999999996
177435747.1696,95858.89999999918,30004.299999999996
177435749.1696,95858.89999999918,30004.299999999996
177435751.1696,95858.89999999918,30004.299999999996
177435753.1696,95858.89999999918,30004.299999999996
177435755.1696,95858.89999999918,30004.299999999996
177435757.1696,95858.89999999918,30004.299999999996
177435759.1696,95858.89999999918,30004.299999999996
177435761.1696,95858.89999999918,30004.299999999996
177435763.1696,95858.89999999918,30004.299999999996
177435765.1696,95858.89999999918,30004.299999999996
177435767.1696,95858.89999999918,30004.299999999996
177435769.1696,95858.89999999918,30004.299999999996
177435771.1696,95858.89999999918,30004.299999999996
177435773.1696,95858.89999999918,30004.299999999996
177435775.1696,95858.89999999918,30004.299999999996
177435777.1696,95858.89999999918,30004.299999999996
177435779.2696,95858.89999999918,30004.299999999996
177435781.1696,95858.89999999918,30004.299999999996
177435783.1696,95858.89999999918,30004.299999999996
177435785.1696,95858.89999999918,30004.299999999996
177435787.1696,95858.89999999918,30004.299999999996
177435789.1696,95858.89999999918,30004.299999999996
177435791.1696,95858.89999999918,30004.299999999996
177435793.1696,95858.89999999918,30004.299999999996
177435795.1696,95858.89999999918,30004.299999999996
177435797.1696,95858.89999999918,30004.299999999996
177435799.1696,95858.89999999918,30004.299999999996
177435801.1696,95858.89999999918,30004.299999999996
177435803.1696,95858.89999999918,30004.299999999996
177435805.1696,95858.89999999918,30004.299999999996
177435807.1696,95858.89999999918,30004.299999999996
177435809.1696,95858.89999999918,30004.299999999996
177435811.1696,95858.79999999917,30004.299999999996
177435813.1696,95858.79999999917,30004.299999999996
177435815.1696,95858.79999999917,30004.299999999996
177435817.1696,95858.79999999917,30004.299999999996
177435819.1696,95858.79999999917,30004.299999999996
177435821.1696,95858.79999999917,30004.299999999996
177435823.1696,95858.79999999917,30004.299999999996
177435825.1696,95858.79999999917,30004.299999999996
177435827.1696,95858.79999999917,30004.299999999996
177435829.1696,95858.79999999917,30004.299999999996
177435831.1696,95858.79999999917,30004.299999999996
