Timestamp,Buy_Price,Sell_Price
177427277.1661,59996.3,37435.9
177427279.1661,59996.3,37435.9
177427281.1661,59996.3,37435.9
177427283.1661,59996.3,37435.9
177427285.1661,59996.3,37435.9
177427287.1661,59996.3,37435.9
177427289.1661,59996.3,37435.9
177427291.1661,59996.3,37435.9
177427293.1661,59996.3,37435.9
177427295.1661,59996.3,37435.9
177427297.1661,59996.3,37435.9
177427299.1661,59996.200000000004,37435.9
177427301.1661,59996.200000000004,37435.9
177427303.1661,59996.200000000004,37435.9
177427305.1661,59996.200000000004,37435.9
177427307.1661,59996.200000000004,37435.9
177427309.1661,59996.200000000004,37435.9
177427311.1661,59996.200000000004,37435.9
177427313.1661,59996.200000000004,37435.9
177427315.1661,59996.200000000004,37435.9
177427317.1661,59996.200000000004,37435.9
177427319.1661,59996.200000000004,37435.9
177427321.1661,59996.200000000004,37435.9
177427323.1661,59996.200000000004,37435.9
177427325.1661,59996.200000000004,37435.9
177427327.1661,59996.200000000004,37435.9
177427329.1661,59996.200000000004,37435.9
177427331.1661,59996.200000000004,37435.9
177427333.1661,59996.200000000004,37435.9
177427335.1661,59996.200000000004,37435.9
177427337.1661,59996.200000000004,37435.9
177427339.1661,59996.200000000004,37435.9
177427341.1661,59996.200000000004,37435.9
177427343.1661,59996.200000000004,37435.9
177427345.1661,59996.200000000004,37435.9
177427347.1661,59996.200000000004,37435.9
177427349.1661,59996.200000000004,37435.9
177427351.1661,59996.200000000004,37435.9
177427353.1661,59996.200000000004,37435.9
177427355.1661,59996.200000000004,37435.9
177427357.1661,59996.200000000004,37435.9
177427359.1661,59996.100000000006,37435.9
177427361.1661,59996.100000000006,37435.9
177427363.1661,59996.100000000006,37435.9
177427365.1661,59996.100000000006,37435.9
177427367.1661,59996.00000000001,37435.9
177427369.1661,59996.00000000001,37436.0
177427371.1661,59996.00000000001,37436.0
177427373.1661,59996.00000000001,37436.0
177427375.1661,59996.00000000001,37436.0
177427377.1661,59996.00000000001,37436.0
177427379.1661,59996.00000000001,37436.0
177427381.1661,59996.00000000001,37436.0
177427383.1661,59996.00000000001,37436.0
177427385.1661,59996.00000000001,37436.0
177427387.1661,59996.00000000001,37436.0
177427389.1661,59996.00000000001,37436.0
177427391.1661,59996.00000000001,37436.0
177427393.1661,59996.00000000001,37436.0
177427395.1661,59996.00000000001,37436.0
177427397.1661,59995.90000000001,37436.0
177427399.1661,59995.90000000001,37436.0
177427401.1661,59995.90000000001,37436.0
177427403.1661,59995.90000000001,37436.0
177427405.1661,59995.90000000001,37436.0
177427407.1661,59995.90000000001,37436.0
177427409.1661,59995.90000000001,37436.0
177427411.1661,59995.90000000001,37436.0
177427413.1661,59995.90000000001,37436.0
177427415.1661,59995.90000000001,37436.0
177427417.1661,59995.90000000001,37436.0
177427419.1661,59995.90000000001,37436.0
177427421.1661,59995.90000000001,37436.0
177427423.1661,59995.90000000001,37436.0
177427425.1661,59995.90000000001,37436.0
177427427.1661,59995.90000000001,37436.0
177427429.1661,59995.90000000001,37436.0
177427431.1661,59995.90000000001,37436.0
177427433.1661,59995.90000000001,37436.0
177427435.1661,59996.00000000001,37436.0
177427437.1661,59996.00000000001,37436.0
177427439.1661,59996.00000000001,37436.0
177427441.1661,59996.00000000001,37436.0
177427443.1661,59996.00000000001,37436.0
177427445.1661,59996.00000000001,37436.0
177427447.1661,59996.00000000001,37436.0
177427449.1661,59996.00000000001,37436.0
177427451.1661,59996.00000000001,37436.0
177427453.1661,59996.00000000001,37436.0
177427455.1661,59996.00000000001,37436.0
177427457.1661,59996.00000000001,37436.0
177427459.1661,59996.00000000001,37436.0
177427461.1661,59996.00000000001,37436.0
177427463.1661,59995.90000000001,37436.0
177427465.1661,59995.90000000001,37436.0
177427467.1661,59995.90000000001,37436.0
177427469.1661,59995.90000000001,37436.0
177427471.1661,59995.90000000001,37436.0
177427473.1661,59995.90000000001,37436.0
177427475.1661,59995.90000000001,37436.0
177427477.1661,59995.90000000001,37436.0
177427479.1661,59995.90000000001,37436.0
177427481.1661,59995.90000000001,37436.0
177427483.1661,59995.90000000001,37436.0
177427485.1661,59995.90000000001,37436.0
177427487.1661,59995.90000000001,37436.0
177427489.1661,59995.90000000001,37436.0
177427491.1661,59995.90000000001,37436.0
177427493.1661,59995.90000000001,37436.0
177427495.1661,59995.90000000001,37436.0
177427497.1661,59995.90000000001,37436.0
177427499.1661,59995.90000000001,37436.0
177427501.1661,59995.90000000001,37436.0
177427503.1661,59995.90000000001,37436.0
177427505.1661,59995.90000000001,37436.0
177427507.1661,59995.90000000001,37436.0
177427509.1661,59995.90000000001,37436.0
177427511.1661,59995.90000000001,37436.0
177427513.1661,59995.90000000001,37436.0
177427515.1661,59995.90000000001,37436.0
177427517.1661,59995.90000000001,37436.0
177427519.1661,59995.90000000001,37436.0
177427521.1661,59995.90000000001,37436.0
177427523.1661,59995.90000000001,37436.0
177427525.1661,59995.90000000001,37436.0
177427527.1661,59995.70000000001,37436.0
177427529.1661,59995.70000000001,37436.0
177427531.1661,59995.70000000001,37436.0
177427533.1661,59995.70000000001,37436.0
177427535.1661,59995.70000000001,37436.0
177427537.1661,59995.70000000001,37436.0
177427539.1661,59995.70000000001,37436.0
177427541.1661,59995.70000000001,37436.0
177427543.1661,59995.70000000001,37436.0
177427545.1661,59995.70000000001,37436.0
177427547.1661,59995.70000000001,37436.0
177427549.1661,59995.70000000001,37436.0
177427551.1661,59995.70000000001,37436.0
177427553.1661,59995.70000000001,37436.0
177427555.1661,59995.70000000001,37436.0
177427557.1661,59995.70000000001,37436.0
177427559.1661,59995.70000000001,37436.0
177427561.1661,59995.60000000001,37436.0
177427563.1661,59995.500000000015,37436.0
177427565.1661,59995.500000000015,37436.0
177427567.1661,59995.500000000015,37436.0
177427569.1661,59995.500000000015,37436.0
177427571.1661,59995.500000000015,37436.0
177427573.1661,59995.500000000015,37436.0
177427575.1661,59995.500000000015,37436.0
177427577.1661,59995.500000000015,37436.0
177427579.1661,59995.500000000015,37436.0
177427581.1661,59995.500000000015,37436.0
177427583.1661,59995.500000000015,37436.0
177427585.1661,59995.500000000015,37436.0
177427587.1661,59995.500000000015,37436.0
177427589.1661,59995.500000000015,37436.0
177427591.1661,59995.500000000015,37436.0
177427593.1661,59995.500000000015,37436.0
177427595.1661,59995.500000000015,37436.0
177427597.1661,59995.500000000015,37436.0
177427599.1661,59995.500000000015,37436.0
177427601.1661,59995.500000000015,37436.0
177427603.1661,59995.500000000015,37436.0
177427605.1661,59995.500000000015,37436.0
177427607.1661,59995.500000000015,37436.0
177427609.1661,59995.500000000015,37436.0
177427611.1661,59995.500000000015,37436.0
177427613.1661,59995.500000000015,37436.0
177427615.1661,59995.500000000015,37436.0
177427617.1661,59995.500000000015,37436.0
177427619.1661,59995.500000000015,37436.0
177427621.1661,59995.500000000015,37436.0
177427623.1661,59995.500000000015,37436.0
177427625.1661,59995.500000000015,37436.0
177427627.1661,59995.500000000015,37436.0
177427629.1661,59995.400000000016,37436.0
177427631.1661,59995.30000000002,37436.0
177427633.1661,59995.20000000002,37436.0
177427635.1661,59995.20000000002,37436.0
177427637.1661,59995.20000000002,37436.0
177427639.1661,59995.20000000002,37436.0
177427641.1661,59995.20000000002,37436.0
177427643.1661,59995.20000000002,37436.0
177427645.1661,59995.20000000002,37436.0
177427647.1661,59995.20000000002,37436.0
177427649.1661,59995.20000000002,37436.0
177427651.1661,59995.20000000002,37436.0
177427653.1661,59995.20000000002,37436.0
177427655.1661,59995.20000000002,37436.0
177427657.1661,59995.20000000002,37436.0
177427659.1661,59995.20000000002,37436.0
177427661.1661,59995.20000000002,37436.0
177427663.1661,59995.20000000002,37436.0
177427665.1661,59995.20000000002,37436.0
177427667.1661,59995.20000000002,37436.0
177427669.1661,59995.10000000002,37436.0
177427671.1661,59995.20000000002,37436.0
177427673.1661,59995.20000000002,37436.0
177427675.1661,59995.20000000002,37436.0
177427677.1661,59995.20000000002,37436.0
177427679.1661,59995.20000000002,37436.0
177427681.1661,59995.20000000002,37436.0
177427683.1661,59995.20000000002,37436.0
177427685.1661,59995.20000000002,37436.0
177427687.1661,59995.20000000002,37436.0
177427689.1661,59995.20000000002,37436.0
177427691.1661,59995.20000000002,37436.0
177427693.1661,59995.20000000002,37436.0
177427695.1661,59995.20000000002,37436.0
177427697.1661,59995.20000000002,37436.0
177427699.1661,59995.20000000002,37436.0
177427701.1661,59995.20000000002,37436.0
177427703.1661,59995.20000000002,37436.0
177427705.1661,59995.10000000002,37436.0
177427707.1661,59995.10000000002,37436.0
177427709.1661,59995.10000000002,37436.0
177427711.1661,59995.10000000002,37436.0
177427713.1661,59995.10000000002,37436.0
177427715.1661,59995.10000000002,37436.0
177427717.1661,59995.10000000002,37436.0
177427719.1661,59995.10000000002,37436.0
177427721.1661,59995.00000000002,37436.0
177427723.1661,59994.90000000002,37436.0
177427725.1661,59994.90000000002,37436.0
177427727.1661,59994.800000000025,37436.0
177427729.1661,59994.800000000025,37436.0
177427731.1661,59994.800000000025,37436.0
177427733.1661,59994.800000000025,37436.0
177427735.1661,59994.800000000025,37436.0
177427737.1661,59994.800000000025,37436.0
177427739.1661,59994.800000000025,37436.0
177427741.1661,59994.800000000025,37436.0
177427743.1661,59994.800000000025,37436.0
177427745.1661,59994.800000000025,37436.0
177427747.1661,59994.800000000025,37436.0
177427749.1661,59994.800000000025,37436.0
177427751.1661,59994.800000000025,37436.0
177427753.1661,59994.800000000025,37436.0
177427755.1661,59994.800000000025,37436.0
177427757.1661,59994.800000000025,37436.0
177427759.1661,59994.800000000025,37436.0
177427761.1661,59994.800000000025,37436.0
177427763.1661,59994.800000000025,37436.0
177427765.1661,59994.800000000025,37436.0
177427767.1661,59994.800000000025,37436.0
177427769.1661,59994.800000000025,37436.0
177427771.1661,59994.800000000025,37436.0
177427773.1661,59994.800000000025,37436.0
177427775.1661,59994.800000000025,37436.0
177427777.1661,59994.800000000025,37436.0
177427779.1661,59994.800000000025,37436.0
177427781.1661,59994.800000000025,37436.0
177427783.1661,59994.800000000025,37436.0
177427785.1661,59994.800000000025,37436.0
177427787.1661,59994.800000000025,37436.0
177427789.1661,59994.800000000025,37436.0
177427791.1661,59994.800000000025,37436.0
177427793.1661,59994.800000000025,37436.0
177427795.1661,59994.800000000025,37436.0
177427797.1661,59994.800000000025,37436.0
177427799.1661,59994.800000000025,37436.0
177427801.1661,59994.800000000025,37436.0
177427805.1661,59994.800000000025,37436.0
177427807.1661,59994.800000000025,37436.0
177427809.1661,59994.800000000025,37436.0
177427811.1661,59994.800000000025,37436.0
177427813.1661,59994.800000000025,37436.0
177427815.1661,59994.800000000025,37436.0
177427817.1661,59994.700000000026,37436.0
177427819.1661,59994.700000000026,37436.0
177427821.1661,59994.700000000026,37436.0
177427823.1661,59994.700000000026,37436.0
177427825.1661,59994.700000000026,37436.0
177427827.1661,59994.700000000026,37436.0
177427829.1661,59994.700000000026,37436.0
177427831.1661,59994.60000000003,37436.0
177427833.1661,59994.60000000003,37436.0
177427835.1661,59994.60000000003,37436.0
177427837.1661,59994.60000000003,37436.0
177427839.1661,59994.60000000003,37436.0
177427841.1661,59994.60000000003,37436.0
177427843.1661,59994.60000000003,37436.0
177427845.1661,59994.50000000003,37436.0
177427847.1661,59994.40000000003,37436.0
177427849.1661,59994.40000000003,37436.0
177427851.1661,59994.40000000003,37436.0
177427853.1661,59994.30000000003,37436.0
177427855.1661,59994.30000000003,37436.0
177427857.1661,59994.30000000003,37436.0
177427859.1661,59994.30000000003,37436.0
177427861.1661,59994.30000000003,37436.0
177427863.1661,59994.20000000003,37436.0
177427865.1661,59994.20000000003,37436.0
177427867.1661,59994.100000000035,37436.0
177427869.1661,59994.100000000035,37436.0
177427871.1661,59994.100000000035,37436.0
177427873.1661,59994.100000000035,37436.0
177427875.1661,59994.100000000035,37436.0
177427877.1661,59994.100000000035,37436.0
177427879.1661,59994.100000000035,37436.0
177427881.1661,59994.100000000035,37436.0
177427883.1661,59994.100000000035,37436.0
177427885.1661,59994.00000000004,37436.0
177427887.1661,59993.90000000004,37436.0
177427889.1661,59993.90000000004,37436.0
177427891.1661,59993.90000000004,37436.0
177427893.1661,59993.90000000004,37436.0
177427895.1661,59993.90000000004,37436.0
177427897.1661,59993.90000000004,37436.0
177427899.1661,59993.90000000004,37436.0
177427901.1661,59993.90000000004,37436.0
177427903.1661,59993.90000000004,37436.0
177427905.1661,59993.90000000004,37436.0
177427907.1661,59993.90000000004,37436.0
177427909.1661,59993.90000000004,37436.0
177427911.1661,59993.90000000004,37436.0
177427913.1661,59993.90000000004,37436.0
177427915.1661,59993.90000000004,37436.0
177427917.1661,59993.90000000004,37436.0
177427919.1661,59993.90000000004,37436.0
177427921.1661,59993.90000000004,37436.0
177427923.1661,59993.90000000004,37436.0
177427925.1661,59993.90000000004,37436.0
177427927.1661,59993.90000000004,37436.0
177427929.1661,59993.90000000004,37436.0
177427931.1661,59993.90000000004,37436.0
177427933.1661,59993.90000000004,37436.0
177427935.1661,59993.90000000004,37436.0
177427937.1661,59993.90000000004,37436.0
177427939.1661,59993.90000000004,37436.0
177427941.1661,59993.90000000004,37436.0
177427943.1661,59993.90000000004,37436.0
177427945.1661,59993.90000000004,37436.0
177427947.1661,59993.90000000004,37436.0
177427949.1661,59993.90000000004,37436.0
177427951.1661,59993.90000000004,37436.0
177427953.1661,59993.90000000004,37436.0
177427955.1661,59993.90000000004,37436.0
177427957.1661,59993.90000000004,37436.0
177427959.1661,59993.90000000004,37436.0
177427961.1661,59993.90000000004,37436.0
177427963.1661,59993.90000000004,37436.0
177427965.1661,59993.90000000004,37436.0
177427967.1661,59993.90000000004,37436.0
177427969.1661,59993.80000000004,37436.0
177427971.1661,59993.80000000004,37436.0
177427973.1661,59993.80000000004,37436.0
177427975.1661,59993.70000000004,37436.0
177427977.1661,59993.70000000004,37436.0
177427979.1661,59993.70000000004,37436.0
177427981.1661,59993.70000000004,37436.0
177427983.1661,59993.70000000004,37436.0
177427985.1661,59993.70000000004,37436.0
177427987.1661,59993.70000000004,37436.0
177427989.1661,59993.70000000004,37436.0
177427991.1661,59993.70000000004,37436.0
177427993.1661,59993.70000000004,37436.0
177427995.1661,59993.70000000004,37436.0
177427997.1661,59993.70000000004,37436.0
177427999.1661,59993.70000000004,37436.0
177428001.1661,59993.70000000004,37436.0
177428003.1661,59993.70000000004,37436.0
177428005.1661,59993.70000000004,37436.0
177428007.1661,59993.70000000004,37436.0
177428009.1661,59993.70000000004,37436.0
177428011.1661,59993.70000000004,37436.0
177428013.1661,59993.70000000004,37436.0
177428015.1661,59993.60000000004,37436.0
177428017.1661,59993.500000000044,37436.0
177428019.1661,59993.500000000044,37436.0
177428021.1661,59993.500000000044,37436.0
177428023.1661,59993.500000000044,37436.0
177428025.1661,59993.500000000044,37436.0
177428027.1661,59993.500000000044,37436.0
177428029.1661,59993.500000000044,37436.0
177428031.1661,59993.500000000044,37436.1
177428033.1661,59993.500000000044,37436.1
177428035.1661,59993.500000000044,37436.1
177428037.1661,59993.500000000044,37436.1
177428039.1661,59993.400000000045,37436.1
177428041.1661,59993.400000000045,37436.1
177428043.1661,59993.400000000045,37436.1
177428045.1661,59993.400000000045,37436.1
177428047.1661,59993.400000000045,37436.1
177428049.1661,59993.400000000045,37436.1
177428051.1661,59993.400000000045,37436.1
177428053.1661,59993.400000000045,37436.1
177428055.1661,59993.400000000045,37436.1
177428057.1661,59993.400000000045,37436.1
177428059.1661,59993.400000000045,37436.1
177428061.1661,59993.400000000045,37436.1
177428063.1661,59993.400000000045,37436.1
177428065.1661,59993.400000000045,37436.1
177428067.1661,59993.400000000045,37436.1
177428069.1661,59993.400000000045,37436.1
177428071.1661,59993.400000000045,37436.1
177428073.1661,59993.400000000045,37436.1
177428075.1661,59993.400000000045,37436.1
177428077.1661,59993.400000000045,37436.1
177428079.1661,59993.400000000045,37436.0
177428081.1661,59993.400000000045,37436.0
177428083.1661,59993.400000000045,37436.0
177428085.1661,59993.30000000005,37436.0
177428087.1661,59993.30000000005,37436.0
177428089.1661,59993.30000000005,37436.0
177428091.1661,59993.30000000005,37436.0
177428093.1661,59993.30000000005,37436.0
177428095.1661,59993.30000000005,37436.1
177428097.1661,59993.30000000005,37436.1
177428099.1661,59993.30000000005,37436.1
177428101.1661,59993.30000000005,37436.1
177428103.1661,59993.30000000005,37436.1
177428105.1661,59993.30000000005,37436.1
177428107.1661,59993.30000000005,37436.1
177428109.1661,59993.30000000005,37436.1
177428111.1661,59993.30000000005,37436.1
177428113.1661,59993.30000000005,37436.1
177428115.1661,59993.30000000005,37436.1
177428117.1661,59993.30000000005,37436.1
177428119.1661,59993.30000000005,37436.1
177428121.1661,59993.20000000005,37436.1
177428123.1661,59993.10000000005,37436.1
177428125.1661,59993.20000000005,37436.1
177428127.1661,59993.20000000005,37436.1
177428129.1661,59993.20000000005,37436.1
177428131.1661,59993.20000000005,37436.1
177428133.1661,59993.20000000005,37436.1
177428135.1661,59993.20000000005,37436.1
177428137.1661,59993.20000000005,37436.1
177428139.1661,59993.20000000005,37436.1
177428141.1661,59993.20000000005,37436.1
177428143.1661,59993.20000000005,37436.1
177428145.1661,59993.20000000005,37436.1
177428147.1661,59993.20000000005,37436.1
177428149.1661,59993.20000000005,37436.1
177428151.1661,59993.20000000005,37436.1
177428153.1661,59993.20000000005,37436.1
177428155.1661,59993.20000000005,37436.1
177428157.1661,59993.20000000005,37436.1
177428159.1661,59993.20000000005,37436.1
177428161.1661,59993.20000000005,37436.1
177428163.1661,59993.20000000005,37436.1
177428165.1661,59993.20000000005,37436.1
177428167.1661,59993.20000000005,37436.1
177428169.1661,59993.20000000005,37436.1
177428171.1661,59993.20000000005,37436.1
177428173.1661,59993.20000000005,37436.1
177428175.1661,59993.20000000005,37436.1
177428177.1661,59993.20000000005,37436.1
177428179.1661,59993.20000000005,37436.1
177428181.1661,59993.20000000005,37436.1
177428183.1661,59993.20000000005,37436.1
177428185.1661,59993.20000000005,37436.1
177428187.1661,59993.20000000005,37436.1
177428189.1661,59993.20000000005,37436.1
177428191.1661,59993.20000000005,37436.1
177428193.1661,59993.20000000005,37436.1
177428195.1661,59993.20000000005,37436.1
177428197.1661,59993.20000000005,37436.1
177428199.1661,59993.20000000005,37436.1
177428201.1661,59993.20000000005,37436.1
177428203.1661,59993.20000000005,37436.1
177428205.1661,59993.20000000005,37436.1
177428207.1661,59993.20000000005,37436.1
177428209.1661,59993.20000000005,37436.1
177428211.1661,59993.20000000005,37436.1
177428213.1661,59993.20000000005,37436.2
177428215.1661,59993.20000000005,37436.2
177428217.1661,59993.20000000005,37436.2
177428219.1661,59993.20000000005,37436.2
177428221.1661,59993.20000000005,37436.2
177428223.1661,59993.20000000005,37436.299999999996
177428225.1661,59993.20000000005,37436.299999999996
177428227.1661,59993.20000000005,37436.299999999996
177428229.1661,59993.20000000005,37436.299999999996
177428231.1661,59993.20000000005,37436.299999999996
177428233.1661,59993.20000000005,37436.299999999996
177428235.1661,59993.20000000005,37436.299999999996
177428237.1661,59993.20000000005,37436.299999999996
177428239.1661,59993.20000000005,37436.299999999996
177428241.1661,59993.20000000005,37436.399999999994
177428243.1661,59993.20000000005,37436.399999999994
177428245.1661,59993.20000000005,37436.399999999994
177428247.1661,59993.20000000005,37436.399999999994
177428249.1661,59993.20000000005,37436.399999999994
177428251.1661,59993.20000000005,37436.399999999994
177428253.1661,59993.20000000005,37436.399999999994
177428255.1661,59993.20000000005,37436.399999999994
177428257.1661,59993.20000000005,37436.399999999994
177428259.1661,59993.20000000005,37436.399999999994
177428261.1661,59993.20000000005,37436.49999999999
177428263.1661,59993.20000000005,37436.49999999999
177428265.1661,59993.20000000005,37436.49999999999
177428267.1661,59993.20000000005,37436.49999999999
177428269.1661,59993.20000000005,37436.49999999999
177428271.1661,59993.20000000005,37436.49999999999
177428273.1661,59993.20000000005,37436.49999999999
177428275.1661,59993.20000000005,37436.49999999999
177428277.1661,59993.20000000005,37436.49999999999
177428279.1661,59993.20000000005,37436.49999999999
177428281.1661,59993.20000000005,37436.49999999999
177428283.1661,59993.20000000005,37436.399999999994
177428285.1661,59993.30000000005,37436.399999999994
177428287.1661,59993.30000000005,37436.399999999994
177428289.1661,59993.30000000005,37436.399999999994
177428291.1661,59993.30000000005,37436.399999999994
177428293.1661,59993.30000000005,37436.399999999994
177428295.1661,59993.30000000005,37436.399999999994
177428297.1661,59993.30000000005,37436.399999999994
177428299.1661,59993.30000000005,37436.399999999994
177428301.1661,59993.30000000005,37436.399999999994
177428303.1661,59993.30000000005,37436.399999999994
177428305.1661,59993.30000000005,37436.399999999994
177428307.1661,59993.30000000005,37436.399999999994
177428309.1661,59993.30000000005,37436.399999999994
177428311.1661,59993.30000000005,37436.399999999994
177428313.1661,59993.30000000005,37436.399999999994
177428315.1661,59993.30000000005,37436.399999999994
177428317.1661,59993.30000000005,37436.399999999994
177428319.1661,59993.30000000005,37436.399999999994
177428321.1661,59993.30000000005,37436.399999999994
177428323.1661,59993.30000000005,37436.399999999994
177428325.1661,59993.30000000005,37436.399999999994
177428327.1661,59993.30000000005,37436.399999999994
177428329.1661,59993.30000000005,37436.399999999994
177428331.1661,59993.30000000005,37436.399999999994
177428333.1661,59993.30000000005,37436.399999999994
177428335.1661,59993.30000000005,37436.399999999994
177428337.1661,59993.30000000005,37436.399999999994
177428339.1661,59993.30000000005,37436.399999999994
177428341.1661,59993.30000000005,37436.399999999994
177428343.1661,59993.30000000005,37436.399999999994
177428345.1661,59993.30000000005,37436.399999999994
177428347.1661,59993.30000000005,37436.399999999994
177428349.1661,59993.30000000005,37436.399999999994
177428351.1661,59993.30000000005,37436.399999999994
177428353.1661,59993.30000000005,37436.399999999994
177428355.1661,59993.30000000005,37436.399999999994
177428357.1661,59993.30000000005,37436.399999999994
177428359.1661,59993.30000000005,37436.399999999994
177428361.1661,59993.30000000005,37436.399999999994
177428363.1661,59993.30000000005,37436.399999999994
177428365.1661,59993.30000000005,37436.399999999994
177428367.1661,59993.30000000005,37436.399999999994
177428369.1661,59993.30000000005,37436.49999999999
177428371.1661,59993.30000000005,37436.49999999999
177428373.1661,59993.30000000005,37436.49999999999
177428375.1661,59993.30000000005,37436.49999999999
177428377.1661,59993.30000000005,37436.49999999999
177428379.1661,59993.30000000005,37436.49999999999
177428381.1661,59993.30000000005,37436.49999999999
177428383.1661,59993.30000000005,37436.49999999999
177428385.1661,59993.30000000005,37436.49999999999
177428387.1661,59993.20000000005,37436.49999999999
177428389.1661,59993.20000000005,37436.49999999999
177428391.1661,59993.20000000005,37436.49999999999
177428393.1661,59993.20000000005,37436.49999999999
177428395.0661,59993.20000000005,37436.49999999999
177428397.0661,59993.20000000005,37436.49999999999
177428399.0661,59993.20000000005,37436.49999999999
177428401.0661,59993.20000000005,37436.49999999999
177428403.0661,59993.20000000005,37436.49999999999
177428405.0661,59993.20000000005,37436.49999999999
177428407.0661,59993.20000000005,37436.49999999999
177428409.0661,59993.20000000005,37436.49999999999
177428411.0661,59993.20000000005,37436.49999999999
177428413.0661,59993.20000000005,37436.49999999999
177428415.0661,59993.20000000005,37436.49999999999
177428417.0661,59993.20000000005,37436.49999999999
177428419.0661,59993.20000000005,37436.49999999999
177428421.0661,59993.20000000005,37436.49999999999
177428423.0661,59993.20000000005,37436.49999999999
177428425.0661,59993.20000000005,37436.49999999999
177428427.0661,59993.20000000005,37436.49999999999
177428429.0661,59993.20000000005,37436.399999999994
177428431.0661,59993.20000000005,37436.399999999994
177428433.0661,59993.20000000005,37436.49999999999
177428435.0661,59993.20000000005,37436.49999999999
177428437.0661,59993.20000000005,37436.49999999999
177428439.0661,59993.20000000005,37436.49999999999
177428441.0661,59993.20000000005,37436.49999999999
177428443.0661,59993.20000000005,37436.49999999999
177428445.0661,59993.20000000005,37436.49999999999
177428447.0661,59993.20000000005,37436.49999999999
177428449.0661,59993.20000000005,37436.59999999999
177428451.0661,59993.20000000005,37436.59999999999
177428453.0661,59993.20000000005,37436.59999999999
177428455.0661,59993.20000000005,37436.59999999999
177428457.0661,59993.20000000005,44999.99999999999
177428459.0661,59993.20000000005,44999.99999999999
177428461.0661,59993.20000000005,45000.09999999999
177428463.0661,59993.20000000005,45000.09999999999
177428465.0661,59993.20000000005,45000.09999999999
177428467.0661,59993.20000000005,45000.09999999999
177428469.0661,59993.20000000005,45000.09999999999
177428471.0661,59993.20000000005,45000.09999999999
177428473.0661,59993.20000000005,45000.09999999999
177428475.0661,59993.20000000005,45000.09999999999
177428477.0661,59993.20000000005,45000.09999999999
177428479.0661,59993.20000000005,45000.09999999999
177428481.0661,59993.20000000005,45000.09999999999
177428483.0661,59993.20000000005,45000.09999999999
177428485.0661,59993.20000000005,45000.09999999999
177428487.0661,59993.20000000005,45000.09999999999
177428489.0661,59993.20000000005,45000.09999999999
177428491.0661,59993.20000000005,45000.09999999999
177428493.0661,59993.20000000005,45000.09999999999
177428495.0661,59993.20000000005,45000.09999999999
177428497.0661,59993.20000000005,45000.09999999999
177428499.0661,59993.20000000005,45000.09999999999
177428501.0661,59993.20000000005,45000.09999999999
177428503.0661,59993.20000000005,45000.09999999999
177428505.0661,59993.20000000005,45000.09999999999
177428507.0661,59993.20000000005,45000.09999999999
177428509.0661,59993.20000000005,45000.09999999999
177428511.0661,59993.20000000005,45000.09999999999
177428513.1661,59993.20000000005,45000.09999999999
177428515.0661,59993.20000000005,45000.19999999999
177428517.0661,59993.20000000005,45000.19999999999
177428519.0661,59993.20000000005,45000.29999999999
177428521.0661,59993.20000000005,45000.29999999999
177428523.0661,59993.20000000005,45000.29999999999
177428525.0661,59993.20000000005,45000.29999999999
177428527.0661,59993.20000000005,45000.29999999999
177428529.0661,59993.20000000005,45000.29999999999
177428531.0661,59993.20000000005,45000.29999999999
177428533.0661,59993.20000000005,45000.29999999999
177428535.0661,59993.20000000005,45000.29999999999
177428537.0661,59993.20000000005,45000.29999999999
177428539.0661,59993.20000000005,45000.29999999999
177428541.0661,59993.20000000005,45000.29999999999
177428543.0661,59993.20000000005,45000.29999999999
177428545.0661,59993.20000000005,45000.29999999999
177428547.0661,59993.20000000005,45000.29999999999
177428549.0661,59993.20000000005,45000.29999999999
177428551.0661,59993.20000000005,45000.29999999999
177428553.0661,59993.20000000005,45000.39999999999
177428555.0661,59993.20000000005,45000.39999999999
177428557.0661,59993.20000000005,45000.499999999985
177428559.0661,59993.20000000005,45000.499999999985
177428561.0661,59993.20000000005,45000.499999999985
177428563.0661,59993.20000000005,45000.499999999985
177428565.0661,59993.20000000005,45000.499999999985
177428567.0661,59993.20000000005,45000.499999999985
177428569.0661,59993.20000000005,45000.499999999985
177428571.0661,59993.20000000005,45000.499999999985
177428573.0661,59993.20000000005,45000.499999999985
177428575.0661,59993.20000000005,45000.499999999985
177428577.0661,59993.20000000005,45000.499999999985
177428579.0661,59993.20000000005,45000.499999999985
177428581.0661,59993.20000000005,45000.499999999985
177428583.0661,59993.20000000005,45000.499999999985
177428585.0661,59993.20000000005,45000.499999999985
177428587.0661,59993.20000000005,45000.499999999985
177428589.0661,59993.20000000005,45000.499999999985
177428591.0661,59993.20000000005,45000.499999999985
177428593.0661,59993.20000000005,45000.499999999985
177428595.0661,59993.20000000005,45000.499999999985
177428597.0661,59993.20000000005,45000.499999999985
177428599.0661,59993.20000000005,45000.599999999984
177428601.0661,59993.20000000005,45000.599999999984
177428603.0661,59993.20000000005,45000.599999999984
177428605.0661,59993.20000000005,45000.69999999998
177428607.0661,59993.20000000005,45000.69999999998
177428609.0661,59993.20000000005,45000.69999999998
177428611.0661,59993.20000000005,45000.69999999998
177428613.0661,59993.20000000005,45000.69999999998
177428615.0661,59993.20000000005,45000.69999999998
177428617.0661,59993.20000000005,45000.69999999998
177428619.0661,59993.20000000005,45000.69999999998
177428621.0661,59993.20000000005,45000.69999999998
177428623.0661,59993.20000000005,45000.69999999998
177428625.0661,59993.20000000005,45000.69999999998
177428627.0661,59993.20000000005,45000.69999999998
177428629.0661,59993.20000000005,45000.69999999998
177428631.0661,59993.20000000005,45000.69999999998
177428633.0661,59993.20000000005,45000.69999999998
177428635.0661,59993.20000000005,45000.69999999998
177428637.0661,59993.20000000005,45000.69999999998
177428639.0661,59993.20000000005,45000.69999999998
177428641.0661,59993.20000000005,45000.69999999998
177428643.0661,59993.20000000005,45000.69999999998
177428645.0661,59993.20000000005,45000.69999999998
177428647.0661,59993.20000000005,45000.69999999998
177428649.0661,59993.20000000005,45000.69999999998
177428651.0661,59993.20000000005,45000.69999999998
177428653.0661,59993.10000000005,45000.69999999998
177428655.0661,59993.10000000005,45000.69999999998
177428657.0661,59993.10000000005,45000.69999999998
177428659.0661,59993.10000000005,45000.69999999998
177428661.0661,59993.10000000005,45000.69999999998
177428663.0661,59993.10000000005,45000.69999999998
177428665.0661,59993.10000000005,45000.69999999998
177428667.0661,59993.10000000005,45000.69999999998
177428669.0661,59993.10000000005,45000.69999999998
177428671.0661,59993.10000000005,45000.69999999998
177428673.0661,59993.10000000005,45000.69999999998
177428675.0661,59993.00000000005,45000.69999999998
177428677.0661,59992.90000000005,45000.69999999998
177428679.0661,59992.90000000005,45000.69999999998
177428681.0661,59992.90000000005,45000.69999999998
177428683.0661,59992.90000000005,45000.69999999998
177428685.0661,59992.90000000005,45000.69999999998
177428687.0661,59992.90000000005,45000.69999999998
177428689.0661,59992.90000000005,45000.79999999998
177428691.0661,59992.90000000005,45000.79999999998
177428693.0661,59992.90000000005,45000.79999999998
177428695.0661,59992.90000000005,45000.79999999998
177428697.0661,59992.90000000005,45000.79999999998
177428699.0661,59992.800000000054,45000.79999999998
177428701.0661,59992.700000000055,45000.79999999998
177428703.0661,59992.700000000055,45000.79999999998
177428705.0661,59992.700000000055,45000.79999999998
177428707.0661,59992.700000000055,45000.79999999998
177428709.0661,59992.700000000055,45000.79999999998
177428711.0661,59992.700000000055,45000.79999999998
177428713.0661,59992.700000000055,45000.79999999998
177428715.0661,59992.700000000055,45000.79999999998
177428717.0661,59992.700000000055,45000.79999999998
177428719.0661,59992.700000000055,45000.79999999998
177428721.0661,59992.700000000055,45000.79999999998
177428723.0661,59992.700000000055,45000.79999999998
177428725.0661,59992.700000000055,45000.79999999998
177428727.0661,59992.700000000055,45000.79999999998
177428729.0661,59992.700000000055,45000.79999999998
177428731.0661,59992.700000000055,45000.79999999998
177428733.0661,59992.700000000055,45000.79999999998
177428735.0661,59992.700000000055,45000.79999999998
177428737.0661,59992.700000000055,45000.79999999998
177428739.0661,59992.700000000055,45000.79999999998
177428741.0661,59992.700000000055,45000.79999999998
177428742.9661,59992.700000000055,37435.89999999998
177428744.9661,59992.700000000055,37435.89999999998
177428746.9661,59992.700000000055,37435.89999999998
177428748.9661,59992.700000000055,37435.89999999998
177428750.9661,59992.700000000055,37435.89999999998
177428752.9661,59992.60000000006,37435.89999999998
177428754.9661,59992.60000000006,37435.89999999998
177428756.9661,59992.60000000006,37435.89999999998
177428758.9661,59992.50000000006,37435.89999999998
177428760.9661,59992.50000000006,37435.89999999998
177428762.9661,59992.50000000006,37435.89999999998
177428764.9661,59992.50000000006,37435.89999999998
177428766.9661,59992.50000000006,37435.89999999998
177428768.9661,59992.50000000006,37435.89999999998
177428770.9661,59992.50000000006,37435.89999999998
177428772.9661,59992.50000000006,37435.89999999998
177428774.9661,59992.50000000006,37435.89999999998
177428776.9661,59992.50000000006,37435.89999999998
177428778.9661,59992.50000000006,37435.89999999998
177428780.9661,59992.50000000006,37435.89999999998
177428782.9661,59992.50000000006,37435.89999999998
177428784.9661,59992.50000000006,37435.89999999998
177428786.9661,59992.50000000006,37435.89999999998
177428788.9661,59992.50000000006,37435.89999999998
177428790.9661,59992.50000000006,37435.89999999998
177428792.9661,59992.40000000006,37435.89999999998
177428794.9661,59992.40000000006,37435.89999999998
177428796.9661,59992.40000000006,37435.89999999998
177428798.9661,59992.40000000006,37435.89999999998
177428800.9661,59992.40000000006,37435.89999999998
177428802.9661,59992.40000000006,37435.89999999998
177428804.9661,59992.40000000006,37435.89999999998
177428806.9661,59992.40000000006,37435.89999999998
177428808.9661,59992.40000000006,37435.89999999998
177428810.9661,59992.40000000006,37435.89999999998
177428812.9661,59992.40000000006,37435.89999999998
177428814.9661,59992.40000000006,37435.89999999998
177428816.9661,59992.40000000006,37435.89999999998
177428818.9661,59992.40000000006,37435.89999999998
177428820.9661,59992.40000000006,37435.89999999998
177428822.9661,59992.40000000006,37435.89999999998
177428824.9661,59992.40000000006,37435.89999999998
177428826.9661,59992.40000000006,37435.89999999998
177428828.9661,59992.40000000006,37435.89999999998
177428830.9661,57736.70000000006,37435.89999999998
177428832.9661,57736.70000000006,37435.89999999998
177428834.9661,57736.70000000006,37435.89999999998
177428836.9661,57736.70000000006,37435.89999999998
177428838.9661,57736.70000000006,37435.89999999998
177428840.9661,57736.70000000006,37435.89999999998
177428842.9661,57736.70000000006,37435.89999999998
177428844.9661,57736.70000000006,37435.89999999998
177428846.9661,57736.70000000006,37435.89999999998
177428848.9661,57736.70000000006,37435.89999999998
177428850.9661,57736.70000000006,37435.89999999998
177428852.9661,57736.70000000006,37435.89999999998
177428854.9661,57736.70000000006,37435.89999999998
177428856.9661,57736.70000000006,37435.89999999998
177428858.9661,57736.70000000006,37435.89999999998
177428860.9661,57736.70000000006,37435.89999999998
177428862.9661,57736.70000000006,37435.89999999998
177428864.9661,57736.70000000006,37435.89999999998
177428866.9661,57736.70000000006,37435.89999999998
177428868.9661,57736.70000000006,37435.89999999998
177428870.9661,57736.70000000006,37435.89999999998
177428872.9661,57736.70000000006,37435.89999999998
177428874.9661,57736.70000000006,37435.89999999998
177428876.9661,57736.70000000006,37435.89999999998
177428878.9661,57736.70000000006,37435.89999999998
177428880.9661,59992.40000000006,37435.89999999998
177428882.9661,59992.40000000006,37435.89999999998
177428884.9661,59992.40000000006,37435.89999999998
177428886.9661,59992.40000000006,37435.89999999998
177428888.9661,59992.40000000006,37435.89999999998
177428890.9661,59992.40000000006,37435.89999999998
177428892.9661,59992.40000000006,37435.89999999998
177428894.9661,59992.30000000006,37435.89999999998
177428896.9661,59992.30000000006,37435.89999999998
177428898.9661,59992.30000000006,37435.89999999998
177428900.9661,59992.30000000006,37435.89999999998
177428902.9661,59992.30000000006,37435.89999999998
177428904.9661,59992.30000000006,37435.89999999998
177428906.9661,59992.30000000006,37435.89999999998
177428908.9661,59992.30000000006,37435.89999999998
177428910.9661,59992.30000000006,37435.89999999998
177428912.9661,59992.30000000006,37435.89999999998
177428914.9661,59992.30000000006,37435.89999999998
177428916.9661,59992.30000000006,37435.89999999998
177428918.9661,59992.30000000006,37435.89999999998
177428920.9661,59992.30000000006,37435.89999999998
177428922.9661,59992.30000000006,37435.89999999998
177428924.9661,59992.30000000006,38563.69999999998
177428926.9661,59992.30000000006,38563.69999999998
177428928.9661,59992.30000000006,38563.69999999998
177428930.9661,59992.30000000006,38563.69999999998
177428932.9661,59992.30000000006,38563.69999999998
177428934.9661,59992.30000000006,38563.69999999998
177428936.9661,59992.30000000006,38563.69999999998
177428938.9661,59992.30000000006,38563.69999999998
177428940.9661,59992.30000000006,38563.69999999998
177428942.9661,59992.30000000006,38563.69999999998
177428944.9661,59992.30000000006,38563.69999999998
177428946.9661,59992.40000000006,38563.69999999998
177428948.9661,59992.40000000006,38563.69999999998
177428950.9661,59992.40000000006,38563.69999999998
177428952.9661,59992.40000000006,38563.69999999998
177428954.9661,59992.40000000006,38563.69999999998
177428956.9661,59992.40000000006,38563.69999999998
177428958.9661,59992.40000000006,38563.69999999998
177428960.9661,59992.40000000006,38563.69999999998
177428962.9661,59992.40000000006,38563.69999999998
177428964.9661,59992.40000000006,38563.69999999998
177428966.9661,59992.40000000006,38563.69999999998
177428968.9661,59992.40000000006,38563.69999999998
177428970.9661,59992.40000000006,38563.69999999998
177428972.9661,59992.40000000006,38563.69999999998
177428974.9661,59992.40000000006,38563.69999999998
177428976.9661,59992.40000000006,38563.69999999998
177428978.9661,59992.40000000006,38563.69999999998
177428980.9661,59992.40000000006,38563.69999999998
177428982.9661,59992.40000000006,38563.69999999998
177428984.9661,59992.40000000006,38563.69999999998
177428986.9661,59992.40000000006,38563.69999999998
177428988.9661,59992.40000000006,38563.69999999998
177428990.9661,59992.40000000006,38563.69999999998
177428992.9661,59992.40000000006,38563.69999999998
177428994.9661,59992.40000000006,38563.69999999998
177428996.9661,59992.40000000006,38563.69999999998
177428998.9661,59992.40000000006,38563.69999999998
177429000.9661,59992.40000000006,37435.89999999998
177429002.9661,59992.40000000006,37435.89999999998
177429004.9661,59992.40000000006,37435.89999999998
177429006.9661,59992.40000000006,37435.99999999998
177429008.9661,59992.40000000006,37435.99999999998
177429010.9661,59992.40000000006,37435.99999999998
177429012.9661,59992.40000000006,37435.99999999998
177429014.9661,59992.40000000006,37435.99999999998
177429016.9661,59992.40000000006,37435.99999999998
177429018.9661,59992.40000000006,37435.99999999998
177429020.9661,59992.40000000006,37435.99999999998
177429022.9661,59992.40000000006,37435.99999999998
177429024.9661,59992.40000000006,37436.09999999998
177429026.9661,59992.40000000006,37436.09999999998
177429028.9661,59992.40000000006,37436.09999999998
177429030.9661,59992.40000000006,37436.09999999998
177429032.9661,59992.40000000006,37435.99999999998
177429034.9661,59992.40000000006,37435.99999999998
177429036.9661,59992.40000000006,37435.99999999998
177429038.9661,59992.30000000006,37435.99999999998
177429040.9661,59992.30000000006,37435.99999999998
177429042.9661,59992.30000000006,37435.99999999998
177429044.9661,59992.30000000006,37435.99999999998
177429046.9661,59992.30000000006,37435.99999999998
177429048.9661,59992.30000000006,37435.99999999998
177429050.9661,59992.30000000006,37435.99999999998
177429052.9661,59992.30000000006,37435.99999999998
177429054.9661,59992.30000000006,37435.99999999998
177429056.9661,59992.30000000006,37435.99999999998
177429058.9661,59992.30000000006,37435.99999999998
177429060.9661,59992.20000000006,37435.99999999998
177429062.9661,59992.20000000006,37435.99999999998
177429065.0661,59992.20000000006,37435.99999999998
177429066.9661,59992.20000000006,37435.99999999998
177429068.9661,59992.20000000006,37435.99999999998
177429070.9661,59992.20000000006,37435.99999999998
177429072.9661,59992.20000000006,37435.99999999998
177429074.9661,59992.20000000006,37435.99999999998
177429076.9661,59992.20000000006,37435.99999999998
177429078.9661,59992.20000000006,37435.99999999998
177429080.9661,59992.20000000006,37435.99999999998
177429082.9661,59992.20000000006,37435.99999999998
177429084.9661,59992.20000000006,37435.99999999998
177429086.9661,59992.20000000006,37435.99999999998
177429088.9661,59992.20000000006,37435.99999999998
177429090.9661,59992.20000000006,37435.99999999998
177429092.9661,59992.20000000006,37435.99999999998
177429094.9661,59992.20000000006,37435.99999999998
177429096.9661,59992.20000000006,37435.99999999998
177429098.9661,59992.20000000006,37435.99999999998
177429100.9661,59992.20000000006,37435.99999999998
177429102.9661,59992.20000000006,37435.99999999998
177429104.9661,59992.20000000006,37435.99999999998
177429106.9661,59992.20000000006,37435.99999999998
177429108.9661,59992.20000000006,37435.99999999998
177429110.9661,59992.20000000006,37435.99999999998
177429112.9661,59992.20000000006,37435.99999999998
177429114.9661,59992.20000000006,37435.99999999998
177429116.9661,59992.20000000006,37435.99999999998
177429118.9661,59992.20000000006,37435.99999999998
177429120.9661,59992.20000000006,37435.99999999998
177429122.9661,59992.20000000006,37435.99999999998
177429124.9661,59992.20000000006,37435.99999999998
177429126.9661,59992.20000000006,37435.99999999998
177429128.9661,59992.20000000006,37435.99999999998
177429130.9661,59992.20000000006,37435.99999999998
177429132.9661,59992.20000000006,37435.99999999998
177429134.9661,59992.20000000006,37435.99999999998
177429136.9661,59992.20000000006,37435.99999999998
177429138.9661,59992.20000000006,37435.99999999998
177429140.9661,59992.100000000064,37435.99999999998
177429142.9661,59992.100000000064,37435.99999999998
177429144.9661,59992.100000000064,37435.99999999998
177429146.9661,59992.100000000064,37435.99999999998
177429148.9661,59992.100000000064,37435.99999999998
177429150.9661,59992.100000000064,37435.99999999998
177429152.9661,59992.000000000065,37435.99999999998
177429154.9661,59991.90000000007,37435.99999999998
177429156.9661,59991.90000000007,37435.99999999998
177429158.9661,59991.90000000007,37435.99999999998
177429160.9661,59991.80000000007,37435.99999999998
177429162.9661,59991.80000000007,37435.99999999998
177429164.9661,59991.80000000007,37435.99999999998
177429166.9661,59991.80000000007,37435.99999999998
177429168.9661,59991.80000000007,37435.99999999998
177429170.9661,59991.80000000007,37435.99999999998
177429172.9661,59991.80000000007,37435.99999999998
177429174.9661,59991.80000000007,37435.99999999998
177429176.9661,59991.80000000007,37435.99999999998
177429178.9661,59991.80000000007,37435.99999999998
177429180.9661,59991.80000000007,37435.99999999998
177429182.9661,59991.80000000007,37435.99999999998
177429184.9661,59991.80000000007,37435.99999999998
177429186.9661,59991.80000000007,37435.99999999998
177429188.9661,59991.80000000007,37435.99999999998
177429190.9661,59991.80000000007,37435.99999999998
177429192.9661,59991.80000000007,37435.99999999998
177429194.9661,59991.80000000007,37435.99999999998
177429196.9661,59991.80000000007,37435.99999999998
177429198.9661,59991.80000000007,37435.99999999998
177429200.9661,59991.80000000007,37435.99999999998
177429202.9661,59991.80000000007,37435.99999999998
177429204.9661,59991.80000000007,37435.99999999998
177429206.9661,59991.80000000007,37435.99999999998
177429208.9661,59991.80000000007,37435.99999999998
177429210.9661,59991.80000000007,37435.99999999998
177429212.9661,59991.80000000007,37435.99999999998
177429214.9661,59991.80000000007,37435.99999999998
177429216.9661,59991.80000000007,37435.99999999998
177429218.9661,59991.80000000007,37435.99999999998
177429220.9661,59991.80000000007,37435.99999999998
177429222.9661,59991.80000000007,37435.99999999998
177429224.9661,59991.80000000007,37435.99999999998
177429226.9661,59991.80000000007,37435.99999999998
177429228.9661,59991.80000000007,37435.99999999998
177429230.9661,59991.80000000007,37435.99999999998
177429232.9661,59991.80000000007,37435.99999999998
177429234.9661,59991.80000000007,37435.99999999998
177429236.9661,59991.80000000007,37435.99999999998
177429238.9661,59991.80000000007,37435.99999999998
177429240.9661,59991.80000000007,37435.99999999998
177429242.9661,59991.80000000007,37435.99999999998
177429244.9661,59991.80000000007,37435.89999999998
177429246.9661,59991.80000000007,37435.89999999998
177429248.9661,59991.80000000007,37435.79999999998
177429250.9661,59991.80000000007,37435.79999999998
177429252.9661,59991.80000000007,37435.79999999998
177429254.9661,59991.80000000007,37435.79999999998
177429256.9661,59991.80000000007,37435.79999999998
177429258.9661,59991.80000000007,37435.79999999998
177429260.9661,59991.80000000007,37435.79999999998
177429262.9661,59991.80000000007,37435.79999999998
177429264.9661,59991.80000000007,37435.79999999998
177429266.9661,59991.80000000007,37435.79999999998
177429268.9661,59991.80000000007,37435.79999999998
177429270.9661,59991.80000000007,37435.79999999998
177429272.9661,59991.80000000007,37435.79999999998
177429274.9661,59991.80000000007,37435.79999999998
177429276.9661,59991.80000000007,37435.79999999998
177429278.9661,59991.80000000007,37435.79999999998
177429280.9661,59991.80000000007,37435.79999999998
177429282.9661,59991.80000000007,37435.79999999998
177429284.9661,59991.80000000007,37435.79999999998
177429286.9661,59991.80000000007,37435.79999999998
177429288.9661,59991.80000000007,37435.79999999998
177429290.9661,59991.80000000007,37435.89999999998
177429292.9661,59991.80000000007,37435.89999999998
177429294.9661,59991.80000000007,37435.89999999998
177429296.9661,59991.70000000007,37435.89999999998
177429298.9661,59991.70000000007,37435.89999999998
177429300.9661,59991.70000000007,37435.89999999998
177429302.9661,59991.70000000007,37435.89999999998
177429304.9661,59991.70000000007,37435.89999999998
177429306.9661,59991.60000000007,37435.89999999998
177429308.9661,59991.60000000007,37435.89999999998
177429310.9661,59991.50000000007,37435.89999999998
177429312.9661,59991.50000000007,37435.89999999998
177429314.9661,59991.50000000007,37435.89999999998
177429316.9661,59991.50000000007,37435.89999999998
177429318.9661,59991.50000000007,37435.89999999998
177429320.9661,59991.50000000007,37435.89999999998
177429322.9661,59991.50000000007,37435.89999999998
177429324.9661,59991.50000000007,37435.89999999998
177429326.9661,59991.50000000007,37435.89999999998
177429328.9661,59991.50000000007,37435.89999999998
177429330.9661,59991.50000000007,37435.89999999998
177429332.9661,59991.50000000007,37435.89999999998
177429334.9661,59991.50000000007,37435.89999999998
177429336.9661,59991.50000000007,37435.89999999998
177429338.9661,59991.50000000007,37435.89999999998
177429340.9661,59991.50000000007,37435.89999999998
177429342.9661,59991.50000000007,37435.89999999998
177429344.9661,59991.50000000007,37435.89999999998
177429346.9661,59991.50000000007,37435.89999999998
177429348.9661,59991.50000000007,37435.89999999998
177429350.9661,59991.50000000007,37435.89999999998
177429352.9661,59991.50000000007,37435.89999999998
177429354.9661,59991.400000000074,37435.89999999998
177429356.9661,59991.400000000074,37435.89999999998
177429358.9661,59991.400000000074,37435.89999999998
177429360.9661,59991.400000000074,37435.89999999998
177429362.9661,59991.400000000074,37435.89999999998
177429364.9661,59991.300000000076,37435.89999999998
177429366.9661,59991.300000000076,37435.89999999998
177429368.9661,59991.300000000076,37435.89999999998
177429370.9661,59991.300000000076,37435.89999999998
177429372.9661,59991.300000000076,37435.89999999998
177429374.9661,59991.300000000076,37435.89999999998
177429376.9661,59991.300000000076,37435.89999999998
177429378.9661,59991.20000000008,37435.89999999998
177429380.9661,59991.20000000008,37435.89999999998
177429382.9661,59991.20000000008,37435.89999999998
177429384.9661,59991.20000000008,37435.89999999998
177429386.9661,59991.20000000008,37435.89999999998
177429388.9661,59991.20000000008,37435.89999999998
177429390.9661,59991.20000000008,37435.89999999998
177429392.9661,59991.20000000008,37435.89999999998
177429394.9661,59991.20000000008,37435.89999999998
177429396.9661,59991.20000000008,37435.89999999998
177429398.9661,59991.20000000008,37435.89999999998
177429400.9661,59991.20000000008,37435.89999999998
177429402.9661,59991.20000000008,37435.89999999998
177429404.9661,59991.20000000008,37435.89999999998
177429406.9661,59991.20000000008,37435.89999999998
177429408.9661,59991.20000000008,37435.89999999998
177429410.9661,59991.20000000008,37435.89999999998
177429412.9661,59991.20000000008,37435.89999999998
177429414.9661,59991.20000000008,37435.89999999998
177429416.9661,59991.20000000008,37435.89999999998
177429418.9661,59991.20000000008,37435.89999999998
177429420.9661,59991.20000000008,37435.89999999998
177429422.9661,59991.20000000008,37435.89999999998
177429424.9661,59991.20000000008,37435.89999999998
177429426.9661,59991.20000000008,37435.89999999998
177429428.9661,59991.20000000008,37435.89999999998
177429430.9661,59991.20000000008,37435.89999999998
177429432.9661,59991.20000000008,37435.89999999998
177429434.9661,59991.20000000008,37435.89999999998
177429436.9661,59991.20000000008,37435.89999999998
177429438.9661,59991.20000000008,37435.89999999998
177429440.9661,59991.20000000008,37435.89999999998
177429442.9661,59991.20000000008,37435.89999999998
177429444.9661,59991.20000000008,37435.89999999998
177429446.9661,59991.20000000008,37435.89999999998
177429448.9661,59991.20000000008,37435.89999999998
177429450.9661,59991.10000000008,37435.89999999998
177429452.9661,59991.10000000008,37435.89999999998
177429454.9661,59991.10000000008,37435.89999999998
177429456.9661,59991.10000000008,37435.89999999998
177429458.9661,59991.10000000008,37435.89999999998
177429460.9661,59991.10000000008,37435.89999999998
177429462.9661,59991.10000000008,37435.89999999998
177429464.9661,59991.10000000008,37435.89999999998
177429466.9661,59991.10000000008,37435.89999999998
177429468.9661,59991.10000000008,37435.89999999998
177429470.9661,59991.10000000008,37435.89999999998
177429472.9661,59991.10000000008,37435.89999999998
177429474.9661,59991.10000000008,37435.89999999998
177429476.9661,59991.10000000008,37435.89999999998
177429478.9661,59991.10000000008,37435.89999999998
177429480.9661,59991.10000000008,37435.89999999998
177429482.9661,59991.10000000008,37435.89999999998
177429484.9661,59991.10000000008,37435.89999999998
177429486.9661,59991.10000000008,37435.89999999998
177429488.9661,59991.10000000008,37435.89999999998
177429490.9661,59991.10000000008,37435.89999999998
177429492.9661,59991.00000000008,37435.89999999998
177429494.9661,59991.00000000008,37435.89999999998
177429496.9661,59991.00000000008,37435.89999999998
177429498.9661,59991.00000000008,37435.89999999998
177429500.9661,59991.00000000008,37435.89999999998
177429502.9661,59991.00000000008,37435.89999999998
177429504.9661,59991.00000000008,37435.89999999998
177429506.9661,59990.90000000008,37435.89999999998
177429508.9661,59990.90000000008,37435.89999999998
177429510.9661,59990.90000000008,37435.89999999998
177429512.9661,59990.90000000008,37435.89999999998
177429514.9661,59990.90000000008,37435.89999999998
177429516.9661,59990.90000000008,37435.89999999998
177429518.9661,59990.80000000008,37435.89999999998
177429520.9661,59990.80000000008,37435.89999999998
177429522.9661,59990.80000000008,37435.89999999998
177429524.9661,59990.80000000008,37435.89999999998
177429526.9661,59990.80000000008,37435.89999999998
177429528.9661,59990.80000000008,37435.89999999998
177429530.9661,59990.80000000008,37435.89999999998
177429532.9661,59990.80000000008,37435.89999999998
177429534.9661,59990.80000000008,37435.89999999998
177429536.9661,59990.80000000008,37435.89999999998
177429538.9661,59990.80000000008,37435.89999999998
177429540.9661,59990.80000000008,37435.89999999998
177429542.9661,59990.80000000008,37435.89999999998
177429544.9661,59990.80000000008,37435.89999999998
177429546.9661,59990.80000000008,37435.89999999998
177429548.9661,59990.80000000008,37435.89999999998
177429550.9661,59990.80000000008,37435.99999999998
177429552.9661,59990.80000000008,37435.99999999998
177429554.9661,59990.90000000008,37435.99999999998
177429556.9661,59990.80000000008,37435.99999999998
177429558.9661,59990.80000000008,37435.99999999998
177429560.9661,59990.80000000008,37435.99999999998
177429562.9661,59990.80000000008,37435.99999999998
177429564.9661,59990.80000000008,37435.99999999998
177429566.9661,59990.80000000008,37435.99999999998
177429568.9661,59990.80000000008,37435.99999999998
177429570.9661,59990.80000000008,37435.99999999998
177429572.9661,59990.80000000008,37435.99999999998
177429574.9661,59990.80000000008,37435.99999999998
177429576.9661,59990.80000000008,37435.99999999998
177429578.9661,59990.80000000008,37435.99999999998
177429580.9661,59990.700000000084,37435.99999999998
177429582.9661,59990.700000000084,37435.99999999998
177429584.9661,59990.600000000086,37435.99999999998
177429586.9661,59990.600000000086,37435.89999999998
177429588.9661,59990.600000000086,37435.99999999998
177429590.9661,59990.600000000086,37435.99999999998
177429592.9661,59990.600000000086,37435.99999999998
177429594.9661,59990.50000000009,37435.99999999998
177429596.9661,59990.50000000009,37435.99999999998
177429598.9661,59990.40000000009,37435.99999999998
177429600.9661,59990.40000000009,37435.99999999998
177429602.9661,59990.40000000009,37435.99999999998
177429604.9661,59990.40000000009,37435.99999999998
177429606.9661,59990.40000000009,37435.99999999998
177429608.9661,59990.40000000009,37435.99999999998
177429610.9661,59990.30000000009,37435.99999999998
177429612.9661,59990.10000000009,37435.99999999998
177429614.9661,59990.20000000009,37435.89999999998
177429616.9661,59990.40000000009,37435.89999999998
177429618.9661,59990.40000000009,37435.89999999998
177429620.9661,59990.40000000009,37435.89999999998
177429622.9661,59990.30000000009,37435.89999999998
177429624.9661,59990.30000000009,37435.89999999998
177429626.9661,59990.30000000009,37435.89999999998
177429628.9661,59990.30000000009,37435.89999999998
177429630.9661,59990.30000000009,37435.89999999998
177429632.9661,59990.30000000009,37435.89999999998
177429634.9661,59990.30000000009,37435.89999999998
177429636.9661,59990.30000000009,37435.89999999998
177429638.9661,59990.30000000009,37435.89999999998
177429640.9661,59990.30000000009,37435.89999999998
177429642.9661,59990.20000000009,37435.89999999998
177429644.9661,59990.20000000009,37435.89999999998
177429646.9661,59990.20000000009,37435.89999999998
177429648.9661,59990.20000000009,37435.89999999998
177429650.9661,59990.20000000009,37435.89999999998
177429652.9661,59990.20000000009,37435.89999999998
177429654.9661,59990.20000000009,37435.89999999998
177429656.9661,59990.20000000009,37435.89999999998
177429658.9661,59990.20000000009,37435.89999999998
177429660.9661,59990.20000000009,37435.89999999998
177429662.9661,59990.20000000009,37435.89999999998
177429664.9661,59990.20000000009,37435.89999999998
177429666.9661,59990.20000000009,37435.89999999998
177429668.9661,59990.20000000009,37435.89999999998
177429670.9661,59990.20000000009,37435.89999999998
177429672.9661,59990.10000000009,37435.89999999998
177429674.9661,59990.10000000009,37435.89999999998
177429676.9661,59990.10000000009,37435.89999999998
177429678.9661,59990.10000000009,37435.89999999998
177429680.9661,59990.10000000009,37435.89999999998
177429682.9661,59990.10000000009,37435.89999999998
177429684.9661,59990.10000000009,37435.89999999998
177429686.9661,59990.10000000009,37435.89999999998
177429688.9661,59990.10000000009,37435.89999999998
177429690.9661,59990.10000000009,37435.89999999998
177429692.9661,59990.10000000009,37435.89999999998
177429694.9661,59990.10000000009,37435.89999999998
177429696.9661,59990.10000000009,37435.89999999998
177429698.9661,59990.10000000009,37435.89999999998
177429700.9661,59990.10000000009,37435.89999999998
177429702.9661,59990.000000000095,37435.89999999998
177429704.9661,59990.000000000095,37435.89999999998
177429706.9661,59990.000000000095,37435.89999999998
177429708.9661,59990.000000000095,37435.89999999998
177429710.9661,59990.000000000095,37435.89999999998
177429712.9661,59990.000000000095,37435.89999999998
177429714.9661,59989.900000000096,37435.89999999998
177429716.9661,59989.900000000096,37435.89999999998
177429718.9661,59989.900000000096,37435.89999999998
177429720.9661,59989.900000000096,37435.89999999998
177429722.9661,59989.8000000001,37435.89999999998
177429724.9661,59989.8000000001,37435.89999999998
177429726.9661,59989.8000000001,37435.89999999998
177429728.9661,59989.8000000001,37435.89999999998
177429730.9661,59989.8000000001,37435.89999999998
177429732.9661,59989.8000000001,37435.89999999998
177429734.9661,59989.8000000001,37435.89999999998
177429736.9661,59989.8000000001,37435.89999999998
177429738.9661,59989.8000000001,37435.89999999998
177429740.9661,59989.7000000001,37435.89999999998
177429742.9661,59989.5000000001,37435.89999999998
177429744.9661,59989.5000000001,37435.89999999998
177429746.9661,59989.5000000001,37435.89999999998
177429748.9661,59989.5000000001,37435.89999999998
177429750.9661,59989.5000000001,37435.89999999998
177429752.9661,59989.5000000001,37435.89999999998
177429754.9661,59989.5000000001,37435.89999999998
177429756.9661,59989.5000000001,37435.89999999998
177429758.9661,59989.5000000001,37435.89999999998
177429760.9661,59989.5000000001,37435.89999999998
177429762.9661,59989.5000000001,37435.89999999998
177429764.9661,59989.5000000001,37435.89999999998
177429766.9661,59989.5000000001,37435.89999999998
177429768.9661,59989.5000000001,37435.89999999998
177429770.9661,59989.5000000001,37435.89999999998
177429772.9661,59989.5000000001,37435.89999999998
177429774.9661,59989.4000000001,37435.89999999998
177429776.9661,59989.300000000105,37435.89999999998
177429778.9661,59989.300000000105,37435.89999999998
177429780.9661,59989.300000000105,37435.89999999998
177429782.9661,59989.300000000105,37435.89999999998
177429784.9661,59989.300000000105,37435.89999999998
177429786.9661,59989.300000000105,37435.89999999998
177429788.9661,59989.300000000105,37435.89999999998
177429790.9661,59989.300000000105,37435.89999999998
177429792.9661,59989.300000000105,37435.89999999998
177429794.9661,59989.200000000106,37435.89999999998
177429796.9661,59989.200000000106,37435.89999999998
177429798.9661,59989.200000000106,37435.89999999998
177429800.9661,59989.10000000011,37435.89999999998
177429802.9661,59989.10000000011,37435.89999999998
177429804.9661,59989.10000000011,37435.89999999998
177429806.9661,59989.10000000011,37435.89999999998
177429808.9661,59989.10000000011,37435.89999999998
177429810.9661,59989.10000000011,37435.89999999998
177429812.9661,59989.10000000011,37435.89999999998
177429814.9661,59989.10000000011,37435.89999999998
177429816.9661,59989.10000000011,37435.89999999998
177429818.9661,59989.10000000011,37435.89999999998
177429820.9661,59989.10000000011,37435.89999999998
177429822.9661,59989.10000000011,37435.89999999998
177429824.9661,59989.10000000011,37435.89999999998
177429826.9661,59989.10000000011,37435.89999999998
177429828.9661,59989.10000000011,37435.89999999998
177429830.9661,59989.00000000011,37435.89999999998
177429832.9661,59988.90000000011,37435.89999999998
177429834.9661,59988.90000000011,37435.89999999998
177429836.9661,59988.90000000011,37435.89999999998
177429838.9661,59988.90000000011,37435.89999999998
177429840.9661,59988.90000000011,37435.89999999998
177429842.9661,59988.90000000011,37435.89999999998
177429844.9661,59988.90000000011,37435.89999999998
177429846.9661,59988.90000000011,37435.89999999998
177429848.9661,59988.90000000011,37435.89999999998
177429850.9661,59988.90000000011,37435.89999999998
177429852.9661,59988.90000000011,37435.89999999998
177429854.9661,59988.90000000011,37435.89999999998
177429856.9661,59988.90000000011,37435.89999999998
177429858.9661,59988.90000000011,37435.89999999998
177429860.9661,59988.90000000011,37435.89999999998
177429862.9661,59988.90000000011,37435.89999999998
177429864.9661,59988.90000000011,37435.89999999998
177429866.9661,59988.90000000011,37435.89999999998
177429868.9661,59988.90000000011,37435.89999999998
177429870.9661,59988.90000000011,37435.89999999998
177429872.9661,59988.90000000011,37435.89999999998
177429874.9661,59988.90000000011,37435.89999999998
177429876.9661,59988.90000000011,37435.89999999998
177429878.9661,59988.90000000011,37435.89999999998
177429880.9661,59988.90000000011,37435.89999999998
177429882.9661,59988.90000000011,37435.89999999998
177429884.9661,59988.90000000011,37435.89999999998
177429886.9661,59988.90000000011,37435.89999999998
177429888.9661,59988.90000000011,37435.89999999998
177429890.9661,59988.90000000011,37435.89999999998
177429892.9661,59988.90000000011,37435.89999999998
177429894.9661,59988.80000000011,37435.89999999998
177429896.9661,59988.80000000011,37435.89999999998
177429898.9661,59988.80000000011,37435.89999999998
177429900.9661,59988.80000000011,37435.89999999998
177429902.9661,59988.90000000011,37435.89999999998
177429904.9661,59988.90000000011,37435.89999999998
177429906.9661,59988.90000000011,37435.89999999998
177429908.9661,59988.90000000011,37435.89999999998
177429910.9661,59988.90000000011,37435.89999999998
177429912.9661,59988.90000000011,37435.89999999998
177429914.9661,59988.90000000011,37435.89999999998
177429916.9661,59988.90000000011,37435.89999999998
177429918.9661,59988.90000000011,37435.89999999998
177429920.9661,59988.90000000011,37435.89999999998
177429922.9661,59988.90000000011,37435.89999999998
177429924.9661,59988.90000000011,37435.89999999998
177429926.9661,59988.90000000011,37435.89999999998
177429928.9661,59988.90000000011,37435.89999999998
177429930.9661,59988.90000000011,37435.89999999998
177429932.9661,59988.90000000011,37435.89999999998
177429934.9661,59988.90000000011,37435.89999999998
177429936.9661,59988.90000000011,37435.89999999998
177429938.9661,59988.90000000011,37435.89999999998
177429940.9661,59988.90000000011,37435.89999999998
177429942.9661,59988.90000000011,37435.89999999998
177429944.9661,59988.90000000011,37435.89999999998
177429946.9661,59988.90000000011,37435.89999999998
177429948.9661,59988.90000000011,37435.89999999998
177429950.9661,59988.90000000011,37435.89999999998
177429952.9661,59988.90000000011,37435.89999999998
177429954.9661,59988.90000000011,37435.89999999998
177429956.9661,59988.90000000011,37435.89999999998
177429958.9661,59988.90000000011,37435.89999999998
177429960.9661,59988.90000000011,37435.89999999998
177429962.9661,59988.90000000011,37435.89999999998
177429964.9661,59988.90000000011,37435.89999999998
177429966.9661,59988.90000000011,37435.89999999998
177429968.9661,59988.90000000011,37435.89999999998
177429970.9661,59988.90000000011,37435.89999999998
177429972.9661,59988.90000000011,37435.99999999998
177429974.9661,59988.90000000011,37435.99999999998
177429976.9661,59988.90000000011,37435.99999999998
177429978.9661,59988.90000000011,37435.99999999998
177429980.9661,59988.90000000011,37435.99999999998
177429982.9661,59988.90000000011,37435.99999999998
177429984.9661,59988.90000000011,37435.99999999998
177429986.9661,59988.90000000011,37435.99999999998
177429988.9661,59988.90000000011,37435.99999999998
177429990.9661,59988.90000000011,37435.99999999998
177429992.9661,59988.90000000011,37435.99999999998
177429994.9661,59988.90000000011,37435.99999999998
177429996.9661,59988.90000000011,37435.99999999998
177429998.9661,59988.90000000011,37435.99999999998
177430000.9661,59988.90000000011,37435.99999999998
177430002.9661,59988.90000000011,37435.99999999998
177430004.9661,59988.90000000011,37435.99999999998
177430006.9661,59988.90000000011,37435.99999999998
177430008.9661,59988.90000000011,37435.99999999998
177430010.9661,59988.90000000011,37435.99999999998
177430012.9661,59988.90000000011,37435.99999999998
177430014.9661,59988.80000000011,37435.99999999998
177430016.9661,59988.80000000011,37435.99999999998
177430018.9661,59988.80000000011,37435.99999999998
177430020.9661,59988.80000000011,37435.99999999998
177430022.9661,59988.80000000011,37435.99999999998
177430024.9661,59988.80000000011,37435.89999999998
177430026.9661,59988.80000000011,37435.89999999998
177430028.9661,59988.80000000011,37435.89999999998
177430030.9661,59988.80000000011,37435.89999999998
177430032.9661,59988.80000000011,37435.89999999998
177430034.9661,59988.80000000011,37435.89999999998
177430036.9661,59988.80000000011,37435.89999999998
177430038.9661,59988.80000000011,37435.89999999998
177430040.9661,59988.80000000011,37435.89999999998
177430042.9661,59988.80000000011,37435.89999999998
177430044.9661,59988.80000000011,37435.89999999998
177430046.9661,59988.80000000011,37435.89999999998
177430048.9661,59988.80000000011,37436.09999999998
177430050.9661,59988.80000000011,37436.09999999998
177430052.9661,59988.80000000011,37436.09999999998
177430054.9661,59988.80000000011,37436.09999999998
177430056.9661,59988.80000000011,37436.09999999998
177430058.9661,59988.80000000011,37436.09999999998
177430060.9661,59988.80000000011,37436.09999999998
177430062.9661,59988.80000000011,37436.09999999998
177430064.9661,59988.80000000011,37436.09999999998
177430066.9661,59988.80000000011,37436.09999999998
177430068.9661,59988.80000000011,37436.09999999998
177430070.9661,59988.80000000011,37436.09999999998
177430072.9661,59988.80000000011,37436.09999999998
177430074.9661,59988.80000000011,37436.09999999998
177430076.9661,59988.80000000011,37436.09999999998
177430078.9661,59988.70000000011,37436.09999999998
177430080.9661,59988.70000000011,37436.09999999998
177430082.9661,59988.70000000011,37436.09999999998
177430084.9661,59988.70000000011,37436.09999999998
177430086.9661,59988.70000000011,37436.09999999998
177430088.9661,59988.70000000011,37436.09999999998
177430090.9661,59988.70000000011,37436.09999999998
177430092.9661,59988.70000000011,37436.09999999998
177430094.9661,59988.70000000011,37436.09999999998
177430096.9661,59988.70000000011,37436.09999999998
177430098.9661,59988.70000000011,37436.09999999998
177430100.9661,59988.70000000011,37436.09999999998
177430102.9661,59988.70000000011,37436.09999999998
177430104.9661,59988.70000000011,37436.09999999998
177430106.9661,59988.70000000011,37436.09999999998
177430108.9661,59988.70000000011,37436.09999999998
177430110.9661,59988.70000000011,37436.09999999998
177430112.9661,59988.70000000011,37436.09999999998
177430114.9661,59988.70000000011,37436.09999999998
177430116.9661,59988.70000000011,37436.09999999998
177430118.9661,59988.70000000011,37436.09999999998
177430120.9661,59988.70000000011,37436.09999999998
177430122.9661,59988.70000000011,37436.09999999998
177430124.9661,59988.70000000011,37436.09999999998
177430126.9661,59988.70000000011,37436.09999999998
177430128.9661,59988.70000000011,37436.09999999998
177430130.9661,59988.70000000011,37436.09999999998
177430132.9661,59988.70000000011,37436.09999999998
177430134.9661,59988.70000000011,37436.199999999975
177430136.9661,59988.70000000011,37436.199999999975
177430138.9661,59988.70000000011,37436.199999999975
177430140.9661,59988.70000000011,37436.199999999975
177430142.9661,59988.70000000011,37436.199999999975
177430144.9661,59988.70000000011,37436.299999999974
177430146.9661,59988.70000000011,37436.299999999974
177430149.0661,59988.70000000011,37436.299999999974
177430150.9661,59988.70000000011,37436.299999999974
177430152.9661,59988.70000000011,37436.299999999974
177430154.9661,59988.70000000011,37436.299999999974
177430156.9661,59988.70000000011,37436.299999999974
177430158.9661,59988.70000000011,37436.299999999974
177430160.9661,59988.70000000011,37436.299999999974
177430162.9661,59988.70000000011,37436.299999999974
177430164.9661,59988.70000000011,37436.299999999974
177430166.9661,59988.70000000011,37436.299999999974
177430168.9661,59988.70000000011,37436.299999999974
177430170.9661,59988.70000000011,37436.299999999974
177430172.9661,59988.70000000011,37436.299999999974
177430174.9661,59988.70000000011,37436.299999999974
177430176.9661,59988.80000000011,37436.299999999974
177430178.9661,59988.80000000011,37436.299999999974
177430180.9661,59988.80000000011,37436.299999999974
177430182.9661,59988.80000000011,37436.299999999974
177430184.9661,59988.80000000011,37436.299999999974
177430186.9661,59988.80000000011,37436.299999999974
177430188.9661,59988.80000000011,37436.299999999974
177430190.9661,59988.80000000011,37436.299999999974
177430192.9661,59988.80000000011,37436.299999999974
177430194.9661,59988.80000000011,37436.299999999974
177430196.9661,59988.80000000011,37436.299999999974
177430198.9661,59988.80000000011,37436.299999999974
177430200.9661,59988.80000000011,37436.299999999974
177430202.9661,59988.80000000011,38563.89999999997
177430204.9661,59988.80000000011,38563.89999999997
177430206.9661,59988.80000000011,38563.89999999997
177430208.9661,59988.80000000011,38563.89999999997
177430210.9661,59988.80000000011,38563.89999999997
177430212.9661,59988.80000000011,38563.89999999997
177430214.9661,59988.80000000011,38563.89999999997
177430216.9661,59988.80000000011,38563.89999999997
177430218.9661,59988.80000000011,38563.89999999997
177430220.9661,59988.80000000011,38563.89999999997
177430222.9661,59988.80000000011,38563.89999999997
177430224.9661,59988.80000000011,38563.89999999997
177430226.9661,57846.30000000011,38563.89999999997
177430228.9661,57846.30000000011,38563.89999999997
177430230.9661,57846.30000000011,38563.89999999997
177430232.9661,57846.30000000011,38563.89999999997
177430234.9661,57846.30000000011,38563.89999999997
177430236.9661,57846.30000000011,38563.89999999997
177430238.9661,57846.30000000011,38563.89999999997
177430240.9661,57846.30000000011,38563.89999999997
177430242.9661,57846.30000000011,38563.89999999997
177430244.9661,57846.30000000011,38563.89999999997
177430246.9661,57846.30000000011,38563.89999999997
177430248.9661,57846.30000000011,38563.89999999997
177430250.9661,57846.30000000011,38563.89999999997
177430252.9661,57846.30000000011,38563.89999999997
177430254.9661,57846.20000000011,38563.89999999997
177430256.9661,57846.20000000011,38563.89999999997
177430258.9661,55918.00000000012,38563.89999999997
177430260.9661,55917.90000000012,38563.89999999997
177430262.9661,54182.50000000012,38563.89999999997
177430264.9661,54182.40000000012,38563.89999999997
177430266.9661,52620.50000000012,38563.89999999997
177430268.9661,52620.50000000012,38563.89999999997
177430270.9661,52620.40000000012,38563.89999999997
177430272.9661,52620.40000000012,38563.89999999997
177430274.9661,52620.40000000012,38563.89999999997
177430276.9661,52620.40000000012,38563.89999999997
177430278.9661,52620.40000000012,38563.89999999997
177430280.9661,52620.40000000012,38563.89999999997
177430282.9661,52620.40000000012,38563.89999999997
177430284.9661,52620.40000000012,38563.89999999997
177430286.9661,52620.40000000012,38563.89999999997
177430288.9661,52620.40000000012,38563.89999999997
177430290.9661,52620.40000000012,38563.99999999997
177430292.9661,52620.40000000012,38563.99999999997
177430294.9661,52620.40000000012,38563.99999999997
177430296.9661,52620.40000000012,38563.99999999997
177430298.9661,52620.40000000012,38563.99999999997
177430300.9661,52620.40000000012,38563.99999999997
177430302.9661,52620.40000000012,38563.99999999997
177430304.9661,52620.40000000012,38563.99999999997
177430306.9661,52620.40000000012,38563.99999999997
177430308.9661,52620.40000000012,38563.99999999997
177430310.9661,52620.40000000012,38563.99999999997
177430312.9661,52620.40000000012,38564.09999999997
177430314.9661,52620.40000000012,38564.09999999997
177430316.9661,52620.40000000012,38564.09999999997
177430318.9661,52620.40000000012,38564.09999999997
177430320.9661,52620.40000000012,38564.09999999997
177430322.9661,52620.40000000012,38564.09999999997
177430324.9661,52620.40000000012,38564.09999999997
177430326.9661,52620.40000000012,38564.09999999997
177430328.9661,52620.40000000012,38564.09999999997
177430330.9661,52620.40000000012,38564.09999999997
177430332.9661,52620.40000000012,38564.09999999997
177430334.9661,52620.40000000012,38564.09999999997
177430336.9661,52620.40000000012,38564.09999999997
177430338.9661,52620.40000000012,38564.09999999997
177430340.9661,52620.40000000012,38564.09999999997
177430342.9661,52620.40000000012,38564.09999999997
177430344.9661,52620.30000000012,38564.09999999997
177430346.9661,52620.30000000012,38564.09999999997
177430348.9661,52620.30000000012,38564.09999999997
177430350.9661,51214.70000000012,38564.09999999997
177430352.9661,51214.70000000012,38564.09999999997
177430354.9661,51214.70000000012,38564.09999999997
177430356.9661,51214.70000000012,38564.09999999997
177430358.9661,51214.70000000012,38564.09999999997
177430360.9661,51214.70000000012,38564.09999999997
177430362.9661,51214.70000000012,38564.09999999997
177430364.9661,51214.70000000012,38564.09999999997
177430366.9661,51214.70000000012,38564.09999999997
177430368.9661,51214.70000000012,38564.09999999997
177430370.9661,51214.70000000012,38564.09999999997
177430372.9661,51214.70000000012,38564.09999999997
177430374.9661,51214.60000000012,38564.09999999997
177430376.9661,49949.500000000124,38564.19999999997
177430378.9661,49949.500000000124,38564.29999999997
177430380.9661,49949.400000000125,38564.29999999997
177430382.9661,49949.400000000125,38564.29999999997
177430384.9661,49949.400000000125,38564.29999999997
177430386.9661,49949.400000000125,38564.29999999997
177430388.9661,49949.400000000125,38564.29999999997
177430390.9661,49949.400000000125,38564.29999999997
177430392.9661,49949.400000000125,38564.29999999997
177430394.9661,49949.400000000125,38564.29999999997
177430396.9661,49949.400000000125,38564.29999999997
177430398.9661,49949.500000000124,38564.29999999997
177430400.9661,49949.500000000124,38564.29999999997
177430402.9661,49949.500000000124,38564.29999999997
177430404.9661,49949.500000000124,38564.29999999997
177430406.9661,49949.500000000124,38564.29999999997
177430408.9661,49949.500000000124,38564.29999999997
177430410.9661,49949.500000000124,38564.29999999997
177430412.9661,51214.500000000124,38564.29999999997
177430414.9661,51214.500000000124,38564.29999999997
177430416.9661,51214.500000000124,38564.29999999997
177430418.9661,51214.500000000124,38564.29999999997
177430420.9661,51214.500000000124,38564.29999999997
177430422.9661,51214.500000000124,38564.29999999997
177430424.9661,51214.500000000124,38564.29999999997
177430426.9661,51214.500000000124,38564.29999999997
177430428.9661,51214.500000000124,38564.29999999997
177430430.9661,51214.500000000124,38564.29999999997
177430432.9661,51214.500000000124,38564.29999999997
177430434.9661,51214.500000000124,38564.29999999997
177430436.9661,51214.500000000124,38564.29999999997
177430438.9661,51214.500000000124,38564.29999999997
177430440.9661,51214.500000000124,38564.29999999997
177430442.9661,51214.500000000124,38564.29999999997
177430444.9661,51214.500000000124,38564.29999999997
177430446.9661,51214.500000000124,38564.29999999997
177430448.9661,51214.500000000124,38564.29999999997
177430450.9661,51214.500000000124,38564.29999999997
177430452.9661,51214.500000000124,38564.29999999997
177430454.9661,51214.500000000124,38564.29999999997
177430456.9661,51214.500000000124,38564.29999999997
177430458.9661,51214.500000000124,38564.29999999997
177430460.9661,51214.500000000124,38564.29999999997
177430462.9661,51214.500000000124,38564.29999999997
177430464.9661,51214.500000000124,38564.29999999997
177430466.9661,51214.500000000124,38564.29999999997
177430468.9661,51214.500000000124,38564.29999999997
177430470.9661,51214.500000000124,38564.29999999997
177430472.9661,51214.500000000124,38564.29999999997
177430474.9661,51214.500000000124,38564.29999999997
177430476.9661,51214.400000000125,38564.29999999997
177430478.9661,51214.400000000125,38564.29999999997
177430480.9661,51214.400000000125,38564.29999999997
177430482.9661,51214.400000000125,38564.29999999997
177430484.9661,51214.400000000125,38564.29999999997
177430486.9661,51214.400000000125,38564.29999999997
177430488.9661,51214.400000000125,38564.29999999997
177430490.9661,51214.400000000125,38564.29999999997
177430492.9661,51214.400000000125,38564.29999999997
177430494.9661,51214.400000000125,38564.29999999997
177430496.9661,51214.400000000125,38564.29999999997
177430498.9661,51214.400000000125,38564.29999999997
177430500.9661,51214.400000000125,38564.29999999997
177430502.9661,51214.30000000013,38564.29999999997
177430504.9661,51214.30000000013,38564.29999999997
177430506.9661,51214.30000000013,38564.29999999997
177430508.9661,51214.30000000013,38564.29999999997
177430510.9661,51214.30000000013,38564.29999999997
177430512.9661,51214.30000000013,38564.29999999997
177430514.9661,51214.30000000013,38564.29999999997
177430516.9661,51214.30000000013,38564.29999999997
177430518.9661,51214.60000000013,38564.29999999997
177430520.9661,51214.60000000013,38564.29999999997
177430522.9661,51214.60000000013,38564.29999999997
177430524.9661,51214.60000000013,38564.29999999997
177430526.9661,51214.60000000013,38564.29999999997
177430528.9661,51214.60000000013,38564.29999999997
177430530.9661,51214.60000000013,38564.29999999997
177430532.9661,51214.60000000013,38564.29999999997
177430534.9661,51214.60000000013,38564.29999999997
177430536.9661,51214.60000000013,38564.29999999997
177430538.9661,51214.60000000013,38564.29999999997
177430540.9661,51214.60000000013,38564.29999999997
177430542.9661,51214.60000000013,38564.29999999997
177430544.9661,51214.60000000013,38564.29999999997
177430546.9661,51214.60000000013,38564.29999999997
177430548.9661,51214.60000000013,38564.29999999997
177430550.9661,51214.60000000013,38564.29999999997
177430552.9661,51214.60000000013,38564.29999999997
177430554.9661,51214.60000000013,38564.29999999997
177430556.9661,51214.60000000013,38564.29999999997
177430558.9661,51214.60000000013,38564.29999999997
177430560.9661,51214.60000000013,38564.29999999997
177430562.9661,51214.50000000013,38564.29999999997
177430564.9661,51214.50000000013,38564.29999999997
177430566.9661,51214.50000000013,38564.29999999997
177430568.9661,51214.50000000013,38564.29999999997
177430570.9661,51214.50000000013,38564.29999999997
177430572.9661,51214.50000000013,38564.29999999997
177430574.9661,51214.50000000013,38564.29999999997
177430576.9661,51214.50000000013,38564.29999999997
177430578.9661,51214.50000000013,38564.29999999997
177430580.9661,51214.50000000013,38564.29999999997
177430582.9661,51214.50000000013,38564.29999999997
177430584.9661,51214.50000000013,38564.29999999997
177430586.9661,51214.50000000013,38564.29999999997
177430588.9661,51214.50000000013,38564.29999999997
177430590.9661,51214.50000000013,38564.29999999997
177430592.9661,51214.50000000013,38564.29999999997
177430594.9661,51214.50000000013,38564.29999999997
177430596.9661,51214.50000000013,38564.29999999997
177430598.9661,51214.50000000013,38564.29999999997
177430600.9661,51214.40000000013,38564.29999999997
177430602.9661,51214.40000000013,38564.29999999997
177430604.9661,51214.40000000013,38564.29999999997
177430606.9661,51214.40000000013,38564.29999999997
177430608.9661,51214.40000000013,38564.29999999997
177430610.9661,51214.40000000013,38564.29999999997
177430612.9661,51214.40000000013,38564.29999999997
177430614.9661,51214.40000000013,38564.29999999997
177430616.9661,51214.40000000013,38564.29999999997
177430618.9661,51214.40000000013,38564.29999999997
177430620.9661,51214.40000000013,38564.29999999997
177430622.9661,51214.40000000013,38564.29999999997
177430624.9661,51214.40000000013,38564.29999999997
177430626.9661,51214.300000000134,38564.29999999997
177430628.9661,51214.300000000134,38564.29999999997
177430630.9661,51214.300000000134,38564.29999999997
177430632.9661,51214.300000000134,38564.29999999997
177430634.9661,51214.300000000134,38564.29999999997
177430636.9661,51214.300000000134,38564.29999999997
177430638.9661,51214.300000000134,38564.29999999997
177430640.9661,51214.300000000134,38564.29999999997
177430642.9661,51214.300000000134,38564.29999999997
177430644.9661,51214.300000000134,38564.29999999997
177430646.9661,51214.300000000134,38564.29999999997
177430648.9661,51214.300000000134,38564.29999999997
177430650.9661,51214.300000000134,38564.29999999997
177430652.9661,51214.300000000134,38564.29999999997
177430654.9661,51214.300000000134,38564.29999999997
177430656.9661,51214.300000000134,38564.29999999997
177430658.9661,51214.300000000134,38564.29999999997
177430660.9661,51214.300000000134,38564.29999999997
177430662.9661,51214.300000000134,38564.29999999997
177430664.9661,51214.300000000134,38564.29999999997
177430666.9661,51214.300000000134,38564.29999999997
177430668.9661,51214.300000000134,38564.29999999997
177430670.9661,51214.300000000134,38564.29999999997
177430672.9661,51214.300000000134,38564.29999999997
177430674.9661,51214.300000000134,38564.29999999997
177430676.9661,51214.300000000134,38564.29999999997
177430678.9661,51214.300000000134,38564.29999999997
177430680.9661,51214.300000000134,38564.29999999997
177430682.9661,51214.300000000134,38564.29999999997
177430684.9661,51214.300000000134,38564.29999999997
177430686.9661,51214.300000000134,38564.29999999997
177430688.9661,51214.300000000134,38564.29999999997
177430690.9661,51214.300000000134,38564.29999999997
177430692.9661,51214.300000000134,38564.29999999997
177430694.9661,51214.300000000134,38564.29999999997
177430696.9661,51214.300000000134,38564.29999999997
177430698.9661,51214.300000000134,38564.29999999997
177430700.9661,51214.300000000134,38564.29999999997
177430702.9661,51214.300000000134,38564.29999999997
177430704.9661,51214.300000000134,38564.29999999997
177430706.9661,51214.300000000134,38564.29999999997
177430708.9661,51214.300000000134,38564.29999999997
177430710.9661,51214.300000000134,38564.29999999997
177430712.9661,51214.300000000134,38564.29999999997
177430714.9661,51214.300000000134,38564.29999999997
177430716.9661,51214.300000000134,38564.29999999997
177430718.9661,51214.300000000134,38564.29999999997
177430720.9661,51214.300000000134,38564.29999999997
177430722.9661,51214.300000000134,38564.29999999997
177430724.9661,51214.300000000134,38564.29999999997
177430726.9661,51214.300000000134,38564.29999999997
177430728.9661,51214.300000000134,38564.29999999997
177430730.9661,51214.300000000134,38564.29999999997
177430732.9661,51214.300000000134,38564.29999999997
177430734.9661,51214.300000000134,38564.29999999997
177430736.9661,51214.300000000134,38564.29999999997
177430738.9661,51214.300000000134,38564.29999999997
177430740.9661,51214.300000000134,38564.29999999997
177430742.9661,51214.300000000134,38564.29999999997
177430744.9661,51214.300000000134,38564.29999999997
177430746.9661,51214.300000000134,38564.29999999997
177430748.9661,51214.300000000134,38564.29999999997
177430750.9661,51214.300000000134,38564.29999999997
177430752.9661,51214.300000000134,38564.29999999997
177430754.9661,51214.300000000134,38564.29999999997
177430756.9661,51214.300000000134,38564.29999999997
177430758.9661,51214.300000000134,38564.29999999997
177430760.9661,51214.300000000134,38564.29999999997
177430762.9661,51214.300000000134,38564.29999999997
177430764.9661,51214.300000000134,38564.29999999997
177430766.9661,51214.300000000134,38564.29999999997
177430768.9661,51214.300000000134,38564.29999999997
177430770.9661,51214.300000000134,38564.29999999997
177430772.9661,51214.300000000134,38564.29999999997
177430774.9661,51214.300000000134,38564.29999999997
177430776.9661,51214.300000000134,38564.29999999997
177430779.0661,51214.300000000134,38564.29999999997
177430780.9661,51214.300000000134,38564.29999999997
177430782.9661,51214.300000000134,38564.29999999997
177430784.9661,51214.300000000134,38564.29999999997
177430786.9661,51214.300000000134,38564.29999999997
177430788.9661,51214.300000000134,38564.29999999997
177430790.9661,51214.300000000134,38564.29999999997
177430792.9661,51214.300000000134,38564.29999999997
177430794.9661,51214.300000000134,38564.29999999997
177430796.9661,51214.300000000134,38564.29999999997
177430798.9661,51214.300000000134,38564.29999999997
177430800.9661,51214.300000000134,38564.29999999997
177430802.9661,51214.300000000134,38564.29999999997
177430804.9661,51214.300000000134,38564.29999999997
177430806.9661,51214.300000000134,38564.29999999997
177430808.9661,51214.300000000134,38564.29999999997
177430810.9661,51214.300000000134,38564.29999999997
177430812.9661,51214.300000000134,38564.29999999997
177430814.9661,51214.300000000134,38564.29999999997
177430816.9661,51214.300000000134,38564.29999999997
177430818.9661,51214.300000000134,38564.29999999997
177430820.9661,51214.300000000134,38564.29999999997
177430822.9661,51214.300000000134,38564.29999999997
177430824.9661,51214.300000000134,38564.29999999997
177430826.9661,51214.300000000134,38564.29999999997
177430828.9661,51214.300000000134,38564.29999999997
177430830.9661,51214.300000000134,38564.29999999997
177430832.9661,51214.300000000134,38564.29999999997
177430834.9661,51214.300000000134,38564.29999999997
177430836.9661,51214.300000000134,38564.29999999997
177430838.9661,51214.300000000134,38564.29999999997
177430840.9661,51214.300000000134,38564.29999999997
177430842.9661,51214.300000000134,38564.29999999997
177430844.9661,51214.300000000134,38564.29999999997
177430846.9661,51214.300000000134,38564.29999999997
177430848.9661,51214.300000000134,38564.29999999997
177430850.9661,51214.300000000134,38564.29999999997
177430852.9661,51214.300000000134,38564.29999999997
177430854.9661,51214.300000000134,38564.29999999997
177430856.9661,51214.300000000134,38564.29999999997
177430858.9661,51214.300000000134,38564.29999999997
177430860.9661,51214.300000000134,38564.29999999997
177430862.9661,51214.300000000134,38564.29999999997
177430864.9661,51214.300000000134,38564.29999999997
177430866.9661,51214.300000000134,38564.29999999997
177430868.9661,51214.300000000134,38564.29999999997
177430870.9661,51214.300000000134,38564.29999999997
177430872.9661,51214.300000000134,38564.29999999997
177430874.9661,51214.300000000134,38564.29999999997
177430876.9661,51214.300000000134,38564.29999999997
177430878.9661,51214.300000000134,38564.29999999997
177430880.9661,51214.300000000134,38564.29999999997
177430882.9661,51214.300000000134,38564.29999999997
177430884.9661,51214.300000000134,38564.29999999997
177430886.9661,51214.300000000134,38564.29999999997
177430888.9661,51214.300000000134,38564.29999999997
177430890.9661,51214.300000000134,38564.29999999997
177430892.9661,51214.300000000134,38564.29999999997
177430894.9661,51214.300000000134,38564.29999999997
177430896.9661,51214.300000000134,38564.29999999997
177430898.9661,51214.300000000134,38564.29999999997
177430900.9661,51214.300000000134,38564.29999999997
177430902.9661,51214.300000000134,38564.29999999997
177430904.9661,51214.300000000134,38564.29999999997
177430906.9661,51214.300000000134,38564.29999999997
177430908.9661,51214.300000000134,38564.399999999965
177430910.9661,51214.300000000134,38564.399999999965
177430912.9661,51214.300000000134,38564.399999999965
177430914.9661,51214.300000000134,38564.399999999965
177430916.9661,51214.300000000134,38564.399999999965
177430918.9661,51214.300000000134,38564.399999999965
177430920.9661,51214.300000000134,38564.399999999965
177430922.9661,51214.300000000134,38564.399999999965
177430924.9661,51214.300000000134,38564.399999999965
177430926.9661,51214.300000000134,38564.399999999965
177430928.9661,51214.300000000134,38564.399999999965
177430930.9661,51214.300000000134,38564.399999999965
177430932.9661,51214.300000000134,38564.399999999965
177430934.9661,51214.300000000134,38564.399999999965
177430936.9661,51214.300000000134,38564.399999999965
177430938.9661,51214.300000000134,38564.399999999965
177430940.9661,51214.300000000134,38564.399999999965
177430942.9661,51214.300000000134,38564.399999999965
177430944.9661,51214.300000000134,38564.399999999965
177430946.9661,51214.300000000134,38564.399999999965
177430948.9661,51214.300000000134,38564.399999999965
177430950.9661,51214.300000000134,38564.399999999965
177430952.9661,51214.300000000134,38564.399999999965
177430954.9661,51214.300000000134,38564.399999999965
177430956.9661,51214.300000000134,38564.399999999965
177430958.9661,51214.300000000134,38564.399999999965
177430960.9661,51214.300000000134,38564.399999999965
177430962.9661,51214.300000000134,38564.399999999965
177430964.9661,51214.300000000134,38564.399999999965
177430966.9661,51214.300000000134,38564.399999999965
177430968.9661,51214.300000000134,38564.399999999965
177430970.9661,51214.300000000134,38564.399999999965
177430972.9661,51214.300000000134,38564.399999999965
177430974.9661,51214.300000000134,38564.399999999965
177430976.9661,51214.300000000134,38564.399999999965
177430978.9661,51214.300000000134,38564.399999999965
177430980.9661,51214.300000000134,38564.399999999965
177430982.9661,51214.300000000134,38564.399999999965
177430984.9661,51214.300000000134,38564.399999999965
177430986.9661,51214.300000000134,38564.399999999965
177430988.9661,51214.300000000134,38564.399999999965
177430990.9661,51214.300000000134,38564.399999999965
177430992.9661,51214.300000000134,38564.399999999965
177430994.9661,51214.300000000134,38564.399999999965
177430996.9661,51214.300000000134,38564.399999999965
177430998.9661,51214.300000000134,38564.399999999965
177431000.9661,51214.300000000134,38564.399999999965
177431003.0661,51214.300000000134,38564.399999999965
177431005.0661,51214.300000000134,38564.399999999965
177431007.0661,51214.300000000134,38564.399999999965
177431009.0661,51214.300000000134,38564.399999999965
177431011.0661,51214.300000000134,38564.399999999965
177431013.0661,51214.300000000134,38564.399999999965
177431015.0661,51214.300000000134,38564.399999999965
177431017.0661,51214.300000000134,38564.399999999965
177431019.0661,51214.300000000134,38564.399999999965
177431021.0661,51214.300000000134,38564.399999999965
177431023.0661,51214.300000000134,38564.399999999965
177431025.0661,51214.300000000134,38564.399999999965
177431027.0661,51214.300000000134,38564.399999999965
177431029.0661,51214.300000000134,38564.399999999965
177431031.0661,51214.300000000134,38564.399999999965
177431033.0661,51214.300000000134,38564.399999999965
177431035.0661,51214.300000000134,38564.399999999965
177431037.0661,51214.300000000134,38564.399999999965
177431039.0661,51214.300000000134,38564.399999999965
177431041.0661,51214.300000000134,38564.399999999965
177431043.0661,51214.300000000134,38564.399999999965
177431045.0661,51214.300000000134,38564.399999999965
177431047.0661,51214.300000000134,38564.399999999965
177431049.0661,51214.300000000134,38564.399999999965
177431051.0661,51214.300000000134,38564.399999999965
177431053.0661,51214.300000000134,38564.399999999965
177431055.0661,51214.300000000134,38564.399999999965
177431057.0661,51214.300000000134,38564.399999999965
177431059.0661,51214.300000000134,38564.399999999965
177431061.0661,51214.300000000134,38564.399999999965
177431063.0661,51214.300000000134,38564.399999999965
177431065.0661,51214.300000000134,38564.399999999965
177431067.0661,51214.300000000134,38564.399999999965
177431069.0661,51214.40000000013,38564.399999999965
177431071.0661,51214.40000000013,38564.399999999965
177431073.0661,51214.40000000013,38564.399999999965
177431075.0661,51214.40000000013,38564.399999999965
177431077.0661,51214.40000000013,38564.399999999965
177431079.0661,51214.40000000013,38564.399999999965
177431081.0661,51214.40000000013,38564.399999999965
177431083.0661,51214.40000000013,38564.399999999965
177431085.0661,51214.40000000013,38564.399999999965
177431087.0661,51214.40000000013,38564.399999999965
177431089.0661,51214.40000000013,38564.399999999965
177431091.0661,51214.40000000013,38564.399999999965
177431093.0661,51214.40000000013,38564.399999999965
177431095.0661,51214.40000000013,38564.399999999965
177431097.0661,51214.40000000013,38564.399999999965
177431099.0661,51214.40000000013,38564.399999999965
177431101.0661,51214.40000000013,38564.399999999965
177431103.0661,51214.40000000013,38564.399999999965
177431105.0661,51214.40000000013,38564.49999999996
177431107.0661,51214.40000000013,38564.49999999996
177431109.0661,51214.40000000013,38564.49999999996
177431111.0661,51214.40000000013,38564.49999999996
177431113.0661,51214.40000000013,38564.49999999996
177431115.0661,51214.40000000013,38564.49999999996
177431117.0661,51214.40000000013,38564.49999999996
177431119.0661,51214.40000000013,38564.49999999996
177431121.0661,51214.40000000013,38564.49999999996
177431123.0661,51214.40000000013,38564.49999999996
177431125.0661,51214.40000000013,38564.49999999996
177431127.0661,51214.40000000013,38564.49999999996
177431129.0661,51214.40000000013,38564.49999999996
177431131.0661,51214.40000000013,38564.49999999996
177431133.0661,51214.40000000013,38564.49999999996
177431135.0661,51214.40000000013,38564.49999999996
177431137.0661,51214.40000000013,38564.49999999996
177431139.0661,51214.40000000013,38564.49999999996
177431141.0661,51214.40000000013,38564.49999999996
177431143.0661,51214.40000000013,38564.49999999996
177431145.0661,51214.40000000013,38564.49999999996
177431147.0661,51214.40000000013,38564.49999999996
177431149.0661,51214.40000000013,38564.49999999996
177431151.0661,51214.40000000013,38564.49999999996
177431153.0661,51214.40000000013,38564.49999999996
177431155.0661,51214.40000000013,38564.49999999996
177431157.0661,51214.50000000013,38564.59999999996
177431159.0661,51214.50000000013,38564.59999999996
177431161.0661,51214.50000000013,38564.59999999996
177431163.0661,51214.50000000013,38564.59999999996
177431165.0661,51214.50000000013,38564.59999999996
177431167.0661,51214.50000000013,38564.59999999996
177431169.0661,51214.50000000013,38564.59999999996
177431171.0661,51214.50000000013,38564.59999999996
177431173.0661,51214.50000000013,38564.59999999996
177431175.0661,51214.50000000013,38564.59999999996
177431177.0661,51214.50000000013,38564.59999999996
177431179.0661,51214.50000000013,38564.59999999996
177431181.0661,51214.50000000013,38564.59999999996
177431183.0661,51214.50000000013,38564.59999999996
177431185.0661,58455.90000000013,38564.59999999996
177431187.0661,58455.90000000013,38564.59999999996
177431189.0661,58455.90000000013,38564.59999999996
177431191.0661,58455.90000000013,38564.59999999996
177431193.0661,58455.90000000013,38564.59999999996
177431195.0661,58455.90000000013,38564.59999999996
177431197.0661,58455.90000000013,38564.59999999996
177431199.0661,58456.00000000013,38564.59999999996
177431201.0661,58456.00000000013,38564.59999999996
177431203.0661,58456.00000000013,38564.59999999996
177431205.0661,58456.00000000013,38564.59999999996
177431207.0661,58456.00000000013,38564.59999999996
177431209.0661,58456.00000000013,38564.59999999996
177431211.0661,58456.00000000013,38564.59999999996
177431213.0661,58456.00000000013,38564.59999999996
177431215.0661,58456.00000000013,38564.59999999996
177431217.0661,58456.00000000013,38564.59999999996
177431219.0661,58456.00000000013,38564.59999999996
177431221.0661,58456.00000000013,38564.59999999996
177431223.0661,58456.00000000013,38564.59999999996
177431225.0661,58456.00000000013,38564.59999999996
177431227.0661,58456.00000000013,38564.59999999996
177431229.0661,58456.00000000013,38564.59999999996
177431231.0661,58456.00000000013,38564.59999999996
177431233.0661,58456.00000000013,38564.59999999996
177431235.0661,58456.00000000013,38564.59999999996
177431237.0661,58456.00000000013,38564.59999999996
177431239.0661,58456.00000000013,38564.59999999996
177431241.0661,58456.00000000013,38564.59999999996
177431243.0661,58456.00000000013,38564.59999999996
177431245.0661,58456.00000000013,38564.59999999996
177431247.0661,58456.00000000013,38564.59999999996
177431249.0661,58456.00000000013,38564.59999999996
177431251.0661,58456.00000000013,38564.59999999996
177431253.0661,58456.00000000013,38564.59999999996
177431255.0661,58455.90000000013,38564.59999999996
177431257.0661,58455.90000000013,38564.59999999996
177431259.0661,58455.90000000013,38564.59999999996
177431261.0661,58455.90000000013,38564.59999999996
177431263.0661,58455.90000000013,38564.59999999996
177431265.0661,58455.90000000013,38564.59999999996
177431267.0661,58455.90000000013,38564.59999999996
177431269.0661,58455.90000000013,38564.59999999996
177431271.0661,58455.90000000013,38564.59999999996
177431273.0661,58455.90000000013,38564.59999999996
177431275.0661,58455.90000000013,38564.59999999996
177431277.0661,58455.90000000013,38564.59999999996
177431279.0661,58455.90000000013,38564.59999999996
177431281.0661,58455.90000000013,38564.59999999996
177431283.0661,58455.90000000013,38564.59999999996
177431285.0661,58455.90000000013,38564.59999999996
177431287.0661,58455.90000000013,38564.59999999996
177431289.0661,58455.90000000013,38564.59999999996
177431291.0661,58455.90000000013,38564.59999999996
177431293.0661,58455.90000000013,38564.59999999996
177431295.0661,58455.90000000013,38564.59999999996
177431297.0661,58455.90000000013,38564.59999999996
177431299.0661,58455.90000000013,38564.59999999996
177431301.0661,58455.90000000013,38564.59999999996
177431303.0661,58455.90000000013,38564.59999999996
177431305.0661,58455.90000000013,38564.59999999996
177431307.0661,58455.90000000013,38564.59999999996
177431309.0661,58455.90000000013,38564.59999999996
177431311.0661,58455.90000000013,38564.59999999996
177431313.0661,58455.90000000013,38564.59999999996
177431315.0661,58455.90000000013,38564.59999999996
177431317.0661,58455.90000000013,38564.59999999996
177431319.0661,58455.90000000013,38564.59999999996
177431321.0661,58455.90000000013,38564.59999999996
177431323.0661,58455.90000000013,38564.59999999996
177431325.0661,58455.90000000013,38564.59999999996
177431327.0661,58455.90000000013,38564.59999999996
177431329.0661,58455.90000000013,38564.59999999996
177431331.0661,58455.90000000013,38564.59999999996
177431333.0661,58455.90000000013,38564.59999999996
177431335.0661,58455.90000000013,38564.59999999996
177431337.0661,58455.90000000013,38564.59999999996
177431339.0661,58455.90000000013,38564.59999999996
177431341.0661,58455.90000000013,38564.59999999996
177431343.0661,58455.90000000013,38564.59999999996
177431345.0661,58455.90000000013,38564.59999999996
177431347.0661,58455.90000000013,38564.59999999996
177431349.0661,58455.90000000013,38564.59999999996
177431351.0661,58455.90000000013,38564.59999999996
177431353.0661,58455.90000000013,38564.59999999996
177431355.0661,58455.90000000013,38564.59999999996
177431357.0661,58455.90000000013,38564.59999999996
177431359.0661,58455.90000000013,38564.59999999996
177431361.0661,58455.90000000013,38564.59999999996
177431363.0661,58455.90000000013,38564.59999999996
177431365.0661,58455.90000000013,38564.59999999996
177431367.0661,58455.90000000013,38564.59999999996
177431369.0661,58455.90000000013,38564.49999999996
177431371.0661,58455.90000000013,38564.49999999996
177431373.0661,58455.90000000013,38564.49999999996
177431375.0661,58455.90000000013,38564.49999999996
177431377.0661,58455.90000000013,38564.49999999996
177431379.0661,58455.90000000013,38564.49999999996
177431381.0661,58455.90000000013,38564.49999999996
177431383.0661,58455.90000000013,38564.49999999996
177431385.0661,58455.90000000013,38564.49999999996
177431387.0661,58455.90000000013,38564.59999999996
177431389.0661,58455.90000000013,38564.69999999996
177431391.0661,58455.90000000013,38564.69999999996
177431393.0661,58455.90000000013,38564.69999999996
177431395.0661,58455.90000000013,38564.69999999996
177431397.0661,58455.90000000013,38564.69999999996
177431399.0661,58455.800000000134,38564.69999999996
177431401.0661,58455.800000000134,38564.69999999996
177431403.0661,58455.800000000134,38564.69999999996
177431405.0661,58455.800000000134,38564.69999999996
177431407.0661,58455.800000000134,38564.69999999996
177431409.0661,58455.800000000134,38564.69999999996
177431411.0661,58455.800000000134,38564.69999999996
177431413.0661,58455.800000000134,38564.69999999996
177431415.0661,58455.800000000134,38564.69999999996
177431417.0661,58455.800000000134,38564.69999999996
177431419.0661,58455.800000000134,38564.69999999996
177431421.0661,58455.800000000134,38564.69999999996
177431423.0661,58455.800000000134,38564.69999999996
177431425.0661,58455.800000000134,38564.69999999996
177431427.0661,58455.800000000134,38564.69999999996
177431429.0661,58455.800000000134,38564.69999999996
177431431.0661,58455.800000000134,38564.69999999996
177431433.0661,58455.800000000134,38564.69999999996
177431435.0661,58455.800000000134,38564.69999999996
177431437.0661,58455.800000000134,38564.69999999996
177431439.0661,58455.800000000134,38564.69999999996
177431441.0661,58455.800000000134,38564.69999999996
177431443.1661,58455.800000000134,38564.69999999996
177431445.0661,58455.800000000134,38564.69999999996
177431447.0661,58455.800000000134,38564.69999999996
177431449.0661,58455.800000000134,38564.69999999996
177431451.0661,58455.800000000134,38564.69999999996
177431453.0661,58455.90000000013,38564.69999999996
177431455.0661,58455.90000000013,38564.69999999996
177431457.0661,58455.90000000013,38564.69999999996
177431459.0661,58455.90000000013,38564.69999999996
177431461.0661,58455.90000000013,38564.69999999996
177431463.0661,58455.90000000013,38564.69999999996
177431465.0661,58455.90000000013,38564.69999999996
177431467.0661,58455.90000000013,38564.69999999996
177431469.0661,58455.90000000013,38564.69999999996
177431471.0661,58455.90000000013,38564.69999999996
177431473.0661,58455.90000000013,38564.69999999996
177431475.0661,58455.90000000013,38564.69999999996
177431477.0661,58455.90000000013,38564.69999999996
177431479.0661,58455.90000000013,38564.69999999996
177431481.0661,58455.90000000013,38564.69999999996
177431483.0661,58455.90000000013,38564.69999999996
177431485.0661,58455.90000000013,38564.69999999996
177431487.0661,58455.90000000013,38564.69999999996
177431489.0661,58455.90000000013,38564.69999999996
177431491.0661,58455.90000000013,38564.69999999996
177431493.0661,58455.90000000013,38564.69999999996
177431495.0661,58455.90000000013,38564.69999999996
177431497.0661,58455.90000000013,38564.69999999996
177431499.0661,58455.90000000013,38564.69999999996
177431501.0661,58455.90000000013,38564.69999999996
177431503.0661,58455.90000000013,38564.69999999996
177431505.0661,58455.90000000013,38564.69999999996
177431507.0661,58455.90000000013,38564.69999999996
177431509.0661,58455.90000000013,38564.69999999996
177431511.0661,58455.90000000013,38564.69999999996
177431513.0661,58455.90000000013,38564.69999999996
177431515.0661,58455.90000000013,38564.69999999996
177431517.0661,58455.90000000013,38564.69999999996
177431519.0661,58455.90000000013,38564.69999999996
177431521.0661,58455.90000000013,38564.69999999996
177431523.0661,58455.90000000013,38564.69999999996
177431525.0661,58455.90000000013,38564.69999999996
177431527.0661,58455.90000000013,38564.69999999996
177431529.0661,58455.90000000013,38564.69999999996
177431531.0661,58455.90000000013,38564.69999999996
177431533.0661,58455.90000000013,38564.69999999996
177431535.0661,58455.90000000013,38564.69999999996
177431537.0661,58455.90000000013,38564.69999999996
177431539.0661,58455.90000000013,38564.69999999996
177431541.0661,58455.90000000013,38564.69999999996
177431543.0661,58455.90000000013,38564.69999999996
177431545.0661,58455.90000000013,38564.69999999996
177431547.0661,58455.90000000013,38564.69999999996
177431549.0661,58455.90000000013,38564.69999999996
177431551.0661,58455.90000000013,38564.69999999996
177431553.0661,58455.90000000013,38564.69999999996
177431555.0661,58455.90000000013,38564.69999999996
177431557.0661,58455.90000000013,38564.69999999996
177431559.0661,58455.90000000013,38564.69999999996
177431561.0661,58455.90000000013,38564.69999999996
177431563.0661,58455.90000000013,38564.69999999996
177431565.0661,58455.90000000013,38564.69999999996
177431567.0661,58455.90000000013,38564.69999999996
177431569.0661,58455.90000000013,38564.69999999996
177431571.0661,58455.90000000013,38564.69999999996
177431573.0661,58455.90000000013,38564.69999999996
177431575.0661,58455.90000000013,38564.69999999996
177431577.0661,58455.90000000013,38564.69999999996
177431579.0661,58455.90000000013,38564.69999999996
177431581.0661,58455.90000000013,38564.69999999996
177431583.0661,58455.90000000013,38564.69999999996
177431585.0661,58455.90000000013,38564.69999999996
177431587.0661,58455.90000000013,38564.69999999996
177431589.0661,58455.90000000013,38564.69999999996
177431591.0661,58455.90000000013,38564.69999999996
177431593.0661,58455.90000000013,38564.69999999996
177431595.0661,58455.90000000013,38564.69999999996
177431597.0661,58455.90000000013,38564.69999999996
177431599.0661,58455.90000000013,38564.69999999996
177431601.0661,58455.90000000013,38564.69999999996
177431603.0661,58455.90000000013,38564.69999999996
177431605.0661,58455.90000000013,38564.69999999996
177431607.0661,58455.90000000013,38564.69999999996
177431609.0661,58455.90000000013,38564.69999999996
177431611.0661,58455.90000000013,38564.69999999996
177431613.0661,58455.90000000013,38564.69999999996
177431615.0661,58455.90000000013,38564.69999999996
177431617.0661,58455.90000000013,38564.69999999996
177431619.0661,58455.90000000013,38564.69999999996
177431621.0661,58455.90000000013,38564.69999999996
177431623.0661,58455.90000000013,38564.69999999996
177431625.0661,58455.90000000013,38564.69999999996
177431627.0661,58455.90000000013,38564.69999999996
177431629.0661,58455.90000000013,38564.69999999996
177431631.0661,58455.90000000013,38564.69999999996
177431633.0661,58456.00000000013,38564.69999999996
177431635.0661,58456.00000000013,38564.69999999996
177431637.0661,58456.00000000013,38564.69999999996
177431639.0661,58456.00000000013,38564.69999999996
177431641.0661,58456.00000000013,38564.69999999996
177431643.0661,58456.00000000013,38564.79999999996
177431645.0661,58456.00000000013,38564.79999999996
177431647.0661,58456.00000000013,38564.89999999996
177431649.0661,58456.00000000013,38564.89999999996
177431651.0661,58456.00000000013,38564.89999999996
177431653.0661,58456.00000000013,38564.89999999996
177431655.0661,58456.00000000013,38564.89999999996
177431657.0661,58456.00000000013,38564.89999999996
177431659.0661,58456.00000000013,38564.89999999996
177431661.0661,58456.00000000013,38564.89999999996
177431663.1661,58456.00000000013,38564.89999999996
177431665.0661,58456.00000000013,38564.89999999996
177431667.0661,58456.00000000013,38564.89999999996
177431669.0661,58456.00000000013,38564.89999999996
177431671.0661,58456.00000000013,38564.89999999996
177431673.0661,58456.00000000013,38564.89999999996
177431675.0661,58456.00000000013,38564.89999999996
177431677.0661,58456.00000000013,38564.89999999996
177431679.0661,58456.00000000013,38564.89999999996
177431681.0661,58456.00000000013,38564.89999999996
177431683.0661,58456.00000000013,38564.89999999996
177431685.0661,58456.00000000013,38564.89999999996
177431687.0661,58456.00000000013,38564.89999999996
177431689.0661,58456.00000000013,38564.89999999996
177431691.0661,58456.00000000013,38564.89999999996
177431693.0661,58456.00000000013,38564.89999999996
177431695.0661,58456.00000000013,38564.89999999996
177431697.0661,58456.00000000013,38564.89999999996
177431699.0661,58456.00000000013,38564.89999999996
177431701.0661,58456.00000000013,38564.89999999996
177431703.0661,58456.00000000013,38564.89999999996
177431705.0661,58456.00000000013,38564.89999999996
177431707.0661,58456.00000000013,38564.89999999996
177431709.0661,58456.00000000013,38564.89999999996
177431711.0661,58456.00000000013,38564.89999999996
177431713.0661,58456.00000000013,38564.89999999996
177431715.0661,58456.00000000013,38564.89999999996
177431717.0661,58456.00000000013,38564.89999999996
177431719.0661,58456.00000000013,38564.89999999996
177431721.0661,58456.00000000013,38564.89999999996
177431723.0661,58456.00000000013,38564.89999999996
177431725.0661,58456.00000000013,38564.89999999996
177431727.0661,58456.00000000013,38564.89999999996
177431729.0661,58456.00000000013,38564.89999999996
177431731.0661,58456.00000000013,38564.89999999996
177431733.0661,58456.00000000013,38564.89999999996
177431735.0661,58456.00000000013,38564.89999999996
177431737.0661,58456.00000000013,38564.89999999996
177431739.0661,58456.00000000013,38564.89999999996
177431741.0661,58456.00000000013,38564.89999999996
177431743.0661,58456.00000000013,38564.89999999996
177431745.0661,58456.00000000013,38564.89999999996
177431747.0661,58456.00000000013,38564.89999999996
177431749.0661,58456.00000000013,38564.89999999996
177431751.0661,58456.00000000013,38564.89999999996
177431753.0661,58456.00000000013,38564.89999999996
177431755.0661,58456.00000000013,38564.89999999996
177431757.0661,58456.00000000013,38564.89999999996
177431759.0661,58456.00000000013,38564.89999999996
177431761.0661,58456.00000000013,38564.89999999996
177431763.0661,58456.00000000013,38564.89999999996
177431765.0661,58456.00000000013,38564.89999999996
177431767.0661,58456.00000000013,38564.89999999996
177431769.0661,58456.00000000013,38564.89999999996
177431771.0661,58456.00000000013,38564.89999999996
177431773.0661,58455.90000000013,38564.89999999996
177431775.0661,58455.90000000013,38564.89999999996
177431777.0661,58455.90000000013,38564.89999999996
177431779.0661,58455.90000000013,38564.89999999996
177431781.0661,58455.90000000013,38564.89999999996
177431783.0661,58455.90000000013,38564.89999999996
177431785.0661,58455.90000000013,38564.89999999996
177431787.0661,58455.90000000013,38564.89999999996
177431789.0661,58455.90000000013,38564.89999999996
177431791.0661,58455.90000000013,38564.89999999996
177431793.0661,58455.90000000013,38564.89999999996
177431795.0661,58455.90000000013,38564.89999999996
177431797.0661,58455.90000000013,38564.89999999996
177431799.0661,58455.90000000013,38564.89999999996
177431801.0661,58455.90000000013,38564.89999999996
177431803.0661,58455.90000000013,38564.89999999996
177431805.0661,58455.90000000013,38564.89999999996
177431807.0661,58455.800000000134,38564.89999999996
177431809.0661,58455.800000000134,38564.89999999996
177431811.0661,58455.800000000134,38564.89999999996
177431813.0661,58455.800000000134,38564.89999999996
177431815.0661,58455.800000000134,38564.89999999996
177431817.0661,58455.700000000135,38564.89999999996
177431819.0661,58455.60000000014,38564.89999999996
177431821.0661,58455.60000000014,38564.89999999996
177431823.0661,58455.60000000014,38564.89999999996
177431825.0661,58455.60000000014,38564.89999999996
177431827.0661,58455.60000000014,38564.89999999996
177431829.0661,58455.60000000014,38564.89999999996
177431831.0661,58455.60000000014,38564.89999999996
177431833.0661,58455.60000000014,38564.89999999996
177431835.0661,58455.60000000014,38564.89999999996
177431837.0661,58455.60000000014,38564.89999999996
177431839.0661,58455.60000000014,38564.89999999996
177431841.0661,58455.60000000014,38564.89999999996
177431843.0661,58455.60000000014,38564.89999999996
177431845.0661,58455.60000000014,38564.89999999996
177431847.0661,58455.60000000014,38564.89999999996
177431849.0661,58455.60000000014,38564.89999999996
177431851.0661,58455.60000000014,38564.89999999996
177431853.0661,58455.60000000014,38564.89999999996
177431855.0661,58455.60000000014,38564.89999999996
177431857.0661,58455.60000000014,38564.89999999996
177431859.0661,58455.60000000014,38564.89999999996
177431861.0661,58455.60000000014,38564.89999999996
177431863.0661,58455.60000000014,38564.89999999996
177431865.0661,58455.60000000014,38564.89999999996
177431867.0661,58455.60000000014,38564.89999999996
177431869.0661,58455.60000000014,38564.89999999996
177431871.0661,58455.60000000014,38564.89999999996
177431873.0661,58455.60000000014,38564.89999999996
177431875.0661,58455.60000000014,38564.89999999996
177431877.0661,58455.60000000014,38564.89999999996
177431879.0661,58455.60000000014,38564.89999999996
177431881.0661,58455.60000000014,38564.89999999996
177431883.0661,58455.60000000014,38564.89999999996
177431885.0661,58455.60000000014,38564.89999999996
177431887.0661,58455.60000000014,38564.89999999996
177431889.0661,58455.60000000014,38564.89999999996
177431891.0661,58455.60000000014,38564.89999999996
177431893.0661,58455.60000000014,38564.89999999996
177431895.0661,58455.60000000014,38564.89999999996
177431897.0661,58455.60000000014,38564.89999999996
177431899.0661,58455.60000000014,38564.89999999996
177431901.0661,58455.50000000014,38564.89999999996
177431903.0661,58455.50000000014,38564.89999999996
177431905.0661,58455.50000000014,38564.89999999996
177431907.0661,58455.50000000014,38564.89999999996
177431909.0661,58455.50000000014,38564.89999999996
177431911.0661,58455.50000000014,38564.89999999996
177431913.0661,58455.50000000014,38564.89999999996
177431915.0661,58455.50000000014,38564.89999999996
177431917.0661,58455.50000000014,38564.89999999996
177431919.0661,58455.50000000014,38564.89999999996
177431921.0661,58455.50000000014,38564.89999999996
177431923.0661,58455.50000000014,38564.89999999996
177431925.0661,58455.50000000014,38564.89999999996
177431927.0661,58455.50000000014,38564.89999999996
177431929.0661,58455.50000000014,38564.89999999996
177431931.0661,58455.50000000014,39559.39999999996
177431933.0661,58455.50000000014,39559.39999999996
177431935.0661,58455.50000000014,39559.39999999996
177431937.0661,58455.50000000014,39559.39999999996
177431939.0661,58455.50000000014,39559.39999999996
177431941.0661,58455.50000000014,39559.39999999996
177431943.0661,58455.50000000014,39559.39999999996
177431945.0661,58455.50000000014,39559.39999999996
177431947.0661,58455.50000000014,39559.39999999996
177431949.0661,58455.50000000014,39559.39999999996
177431951.0661,58455.50000000014,39559.39999999996
177431953.0661,58455.50000000014,39559.39999999996
177431955.0661,58455.50000000014,39559.39999999996
177431957.0661,58455.50000000014,39559.39999999996
177431959.0661,58455.50000000014,39559.39999999996
177431961.0661,58455.50000000014,39559.39999999996
177431963.0661,58455.40000000014,39559.39999999996
177431965.0661,58455.40000000014,39559.39999999996
177431967.0661,58455.40000000014,39559.39999999996
177431969.0661,58455.40000000014,39559.39999999996
177431971.0661,58455.40000000014,39559.39999999996
177431973.0661,58455.40000000014,39559.39999999996
177431975.0661,58455.40000000014,39559.39999999996
177431977.0661,58455.40000000014,39559.39999999996
177431979.0661,58455.40000000014,39559.39999999996
177431981.0661,58455.40000000014,39559.39999999996
177431983.0661,58455.40000000014,39559.39999999996
177431985.0661,58455.40000000014,39559.39999999996
177431987.0661,58455.40000000014,39559.39999999996
177431989.0661,58455.40000000014,39559.39999999996
177431991.0661,58455.40000000014,39559.39999999996
177431993.0661,58455.40000000014,39559.39999999996
177431995.0661,58455.40000000014,39559.39999999996
177431997.0661,58455.40000000014,39559.39999999996
177431999.0661,56565.80000000014,39559.39999999996
177432001.0661,56565.80000000014,39559.39999999996
177432003.0661,56565.70000000014,39559.39999999996
177432005.0661,58455.600000000144,39559.39999999996
177432007.0661,58455.600000000144,39559.39999999996
177432009.0661,58455.600000000144,39559.39999999996
177432011.0661,58455.600000000144,39559.39999999996
177432013.0661,58455.600000000144,39559.39999999996
177432015.0661,58455.600000000144,39559.39999999996
177432017.0661,58455.600000000144,39559.39999999996
177432019.0661,58455.500000000146,39559.39999999996
177432021.0661,58455.500000000146,39559.39999999996
177432023.0661,58455.500000000146,39559.39999999996
177432025.0661,58455.500000000146,38564.79999999996
177432027.0661,58455.500000000146,38564.79999999996
177432029.0661,58455.500000000146,38564.89999999996
177432031.0661,58455.500000000146,38564.89999999996
177432033.0661,58455.40000000015,38564.89999999996
177432035.0661,58455.40000000015,38564.89999999996
177432037.0661,58455.40000000015,38564.89999999996
177432039.0661,58455.40000000015,38564.89999999996
177432041.0661,58455.40000000015,38564.89999999996
177432043.0661,58455.40000000015,38564.89999999996
177432045.0661,58455.40000000015,38564.89999999996
177432047.0661,58455.40000000015,38564.89999999996
177432049.0661,58455.40000000015,38564.89999999996
177432051.0661,58455.40000000015,38564.89999999996
177432053.0661,58455.40000000015,38564.89999999996
177432055.0661,58455.40000000015,38564.89999999996
177432057.0661,58455.40000000015,38564.89999999996
177432059.0661,58455.40000000015,38564.89999999996
177432061.0661,58455.40000000015,38564.89999999996
177432063.0661,58455.40000000015,38564.999999999956
177432065.0661,58455.40000000015,38564.999999999956
177432067.0661,58455.40000000015,38564.999999999956
177432069.0661,58455.40000000015,38564.999999999956
177432071.0661,58455.40000000015,38564.999999999956
177432073.0661,58455.40000000015,38564.999999999956
177432075.0661,58455.40000000015,38564.999999999956
177432077.0661,58455.40000000015,38564.89999999996
177432079.0661,58455.40000000015,38564.89999999996
177432081.0661,58455.40000000015,38564.89999999996
177432083.0661,58455.40000000015,38564.999999999956
177432085.0661,58455.40000000015,38564.999999999956
177432087.0661,58455.40000000015,38564.999999999956
177432089.0661,58455.40000000015,38564.999999999956
177432091.0661,58455.40000000015,38564.999999999956
177432093.0661,58455.40000000015,38564.999999999956
177432095.0661,58455.40000000015,38564.999999999956
177432097.0661,58455.40000000015,38564.999999999956
177432099.0661,58455.40000000015,38564.999999999956
177432101.0661,58455.40000000015,38564.999999999956
177432103.0661,58455.40000000015,38564.999999999956
177432105.0661,58455.40000000015,38564.999999999956
177432107.0661,58455.40000000015,38564.999999999956
177432109.0661,58455.40000000015,38564.999999999956
177432111.0661,58455.40000000015,38564.999999999956
177432113.0661,58455.40000000015,38564.999999999956
177432115.0661,58455.40000000015,38564.999999999956
177432117.0661,58455.40000000015,38564.999999999956
177432119.0661,58455.40000000015,38564.999999999956
177432121.0661,58455.40000000015,38564.999999999956
177432123.0661,58455.40000000015,38564.999999999956
177432125.0661,58455.40000000015,38564.999999999956
177432127.0661,58455.40000000015,38564.999999999956
177432129.0661,58455.40000000015,38564.999999999956
177432131.0661,58455.40000000015,38564.999999999956
177432133.0661,58455.40000000015,38564.999999999956
177432135.0661,58455.40000000015,38564.999999999956
177432137.0661,58455.40000000015,38564.999999999956
177432139.0661,58455.40000000015,38564.999999999956
177432141.0661,58455.40000000015,38564.999999999956
177432143.0661,58455.40000000015,38564.999999999956
177432145.0661,56466.40000000015,38564.999999999956
177432147.0661,56466.30000000015,38564.999999999956
177432149.0661,56466.30000000015,38564.999999999956
177432151.0661,56466.30000000015,38564.999999999956
177432153.0661,56466.30000000015,38564.999999999956
177432155.0661,56466.30000000015,38564.999999999956
177432157.0661,56466.30000000015,38564.999999999956
177432159.0661,56466.30000000015,38564.999999999956
177432161.0661,56466.30000000015,38564.999999999956
177432163.0661,56466.30000000015,38564.999999999956
177432165.0661,56466.30000000015,38564.999999999956
177432167.0661,56466.30000000015,38564.999999999956
177432169.0661,56466.30000000015,38564.999999999956
177432171.0661,56466.30000000015,38564.999999999956
177432173.0661,56466.30000000015,38564.999999999956
177432175.0661,56466.30000000015,38564.999999999956
177432177.0661,56466.30000000015,38564.999999999956
177432179.0661,56466.30000000015,38564.999999999956
177432181.0661,56466.30000000015,38564.999999999956
177432183.0661,56466.30000000015,38564.999999999956
177432185.0661,56466.30000000015,38564.999999999956
177432187.0661,56466.30000000015,38564.999999999956
177432189.0661,56466.30000000015,38564.999999999956
177432191.0661,56466.30000000015,38564.999999999956
177432193.0661,56466.30000000015,38564.999999999956
177432195.0661,56466.30000000015,38564.999999999956
177432197.0661,56466.30000000015,38564.999999999956
177432199.0661,56466.30000000015,38564.999999999956
177432201.0661,56466.30000000015,38564.999999999956
177432203.0661,56466.30000000015,38564.999999999956
177432205.0661,56466.30000000015,38564.999999999956
177432207.0661,54676.20000000015,38564.999999999956
177432209.0661,54676.20000000015,38564.999999999956
177432211.0661,54676.20000000015,38564.999999999956
177432213.0661,54676.20000000015,38564.999999999956
177432215.0661,54676.20000000015,38564.999999999956
177432217.0661,54676.20000000015,38564.999999999956
177432219.0661,54676.20000000015,38564.999999999956
177432221.0661,54676.20000000015,38564.999999999956
177432223.0661,54676.20000000015,38564.999999999956
177432225.0661,54676.20000000015,38564.999999999956
177432227.0661,54676.20000000015,38564.999999999956
177432229.0661,54676.20000000015,38564.999999999956
177432231.0661,54676.20000000015,38564.999999999956
177432233.0661,54676.20000000015,38564.999999999956
177432235.0661,54676.20000000015,38564.999999999956
177432237.0661,54676.20000000015,38564.999999999956
177432239.0661,54676.20000000015,38564.999999999956
177432241.0661,54676.20000000015,38564.999999999956
177432243.0661,54676.20000000015,38564.999999999956
177432245.0661,54676.20000000015,38564.999999999956
177432247.0661,54676.20000000015,38564.999999999956
177432249.0661,54676.20000000015,38564.999999999956
177432251.0661,54676.20000000015,38564.999999999956
177432253.0661,54676.20000000015,38564.999999999956
177432255.0661,54676.20000000015,38564.999999999956
177432257.0661,54676.20000000015,38564.999999999956
177432259.0661,54676.20000000015,38564.999999999956
177432261.0661,54676.20000000015,38564.999999999956
177432263.0661,54676.20000000015,38564.999999999956
177432265.0661,54676.20000000015,38564.999999999956
177432267.0661,54676.20000000015,38564.999999999956
177432269.0661,54676.20000000015,38564.999999999956
177432271.0661,54676.20000000015,38564.999999999956
177432273.0661,54676.20000000015,38564.999999999956
177432275.0661,54676.20000000015,38564.999999999956
177432277.0661,56466.30000000015,38564.999999999956
177432279.0661,54676.20000000015,38564.999999999956
177432281.0661,54676.20000000015,38564.999999999956
177432283.0661,54676.20000000015,38564.999999999956
177432285.0661,54676.20000000015,38564.999999999956
177432287.0661,54676.20000000015,38564.999999999956
177432289.0661,54676.20000000015,38564.999999999956
177432291.0661,54676.20000000015,38564.999999999956
177432293.0661,54676.20000000015,38564.999999999956
177432295.0661,54676.20000000015,38564.999999999956
177432297.0661,54676.20000000015,38564.999999999956
177432299.0661,54676.20000000015,38564.999999999956
177432301.0661,54676.20000000015,38564.999999999956
177432303.0661,54676.20000000015,38564.999999999956
177432305.0661,54676.20000000015,38564.999999999956
177432307.0661,54676.20000000015,38564.999999999956
177432309.0661,54676.20000000015,38564.999999999956
177432311.0661,54676.20000000015,38564.999999999956
177432313.0661,54676.20000000015,38564.999999999956
177432315.0661,54676.20000000015,38564.999999999956
177432317.0661,54676.20000000015,38564.999999999956
177432319.0661,54676.20000000015,38564.999999999956
177432321.0661,54676.20000000015,38564.999999999956
177432323.0661,54676.20000000015,38564.999999999956
177432325.0661,54676.20000000015,38564.999999999956
177432327.0661,54676.20000000015,38564.999999999956
177432329.0661,54676.20000000015,38564.999999999956
177432331.0661,54676.20000000015,38564.999999999956
177432333.0661,54676.20000000015,38564.999999999956
177432335.0661,54676.20000000015,38564.999999999956
177432337.0661,54676.20000000015,38564.999999999956
177432339.0661,54676.20000000015,38564.999999999956
177432341.0661,54676.20000000015,38564.999999999956
177432343.0661,54676.20000000015,38564.999999999956
177432345.0661,54676.20000000015,38564.999999999956
177432347.0661,54676.20000000015,38564.999999999956
177432349.0661,54676.20000000015,38564.999999999956
177432351.0661,54676.20000000015,38564.999999999956
177432353.0661,54676.20000000015,38564.999999999956
177432355.0661,54676.20000000015,38564.999999999956
177432357.0661,54676.20000000015,38564.999999999956
177432359.0661,54676.20000000015,38564.999999999956
177432361.0661,54676.20000000015,38564.999999999956
177432363.0661,54676.20000000015,38564.999999999956
177432365.0661,54676.20000000015,38564.999999999956
177432367.0661,54676.20000000015,38564.999999999956
177432369.0661,54676.20000000015,38564.999999999956
177432371.0661,54676.20000000015,38564.999999999956
177432373.0661,54676.20000000015,38564.999999999956
177432375.0661,54676.20000000015,38564.999999999956
177432377.0661,54676.20000000015,38564.999999999956
177432379.0661,54676.20000000015,38564.999999999956
177432381.0661,54676.20000000015,38564.999999999956
177432383.0661,54676.20000000015,38564.999999999956
177432385.0661,54676.20000000015,38564.999999999956
177432387.0661,54676.10000000015,38564.999999999956
177432389.0661,54676.10000000015,38564.999999999956
177432391.0661,54676.10000000015,38564.999999999956
177432393.0661,54676.10000000015,38564.999999999956
177432395.0661,54676.10000000015,38564.999999999956
177432397.0661,54676.10000000015,38564.999999999956
177432399.0661,54676.10000000015,38564.999999999956
177432401.0661,54676.10000000015,38564.999999999956
177432403.0661,54676.10000000015,38564.999999999956
177432405.0661,54676.10000000015,38564.999999999956
177432407.0661,54676.10000000015,38564.999999999956
177432409.0661,54676.10000000015,38564.999999999956
177432411.0661,54676.10000000015,38564.999999999956
177432413.0661,54676.10000000015,38564.999999999956
177432415.0661,54676.10000000015,38564.999999999956
177432417.0661,54676.10000000015,38564.999999999956
177432419.0661,54676.10000000015,38564.999999999956
177432421.0661,54676.10000000015,38564.999999999956
177432423.0661,54676.10000000015,38564.999999999956
177432425.0661,54676.10000000015,38564.999999999956
177432427.0661,54676.10000000015,38564.999999999956
177432429.0661,54676.10000000015,38564.999999999956
177432431.0661,54676.10000000015,38564.999999999956
177432433.0661,54676.10000000015,38564.999999999956
177432435.0661,54676.10000000015,38564.999999999956
177432437.0661,54676.10000000015,38564.999999999956
177432439.0661,54676.10000000015,38564.999999999956
177432441.0661,54676.10000000015,38564.999999999956
177432443.0661,54676.10000000015,38564.999999999956
177432445.0661,54676.10000000015,38564.999999999956
177432447.0661,54676.10000000015,38564.999999999956
177432449.0661,54676.10000000015,38564.999999999956
177432451.0661,54676.10000000015,38564.999999999956
177432453.0661,54676.10000000015,38564.999999999956
177432455.0661,54676.10000000015,38564.999999999956
177432457.0661,54676.10000000015,38564.999999999956
177432459.0661,54676.10000000015,38564.999999999956
177432461.0661,54676.10000000015,38564.999999999956
177432463.0661,54676.10000000015,38564.999999999956
177432465.0661,54676.10000000015,38564.999999999956
177432467.0661,54676.10000000015,38564.999999999956
177432469.0661,54676.10000000015,38564.999999999956
177432471.0661,54676.10000000015,38564.999999999956
177432473.0661,54676.10000000015,38564.999999999956
177432475.0661,54676.10000000015,38564.999999999956
177432477.0661,54676.10000000015,38564.999999999956
177432479.0661,54676.10000000015,38564.999999999956
177432481.0661,54676.10000000015,38564.999999999956
177432483.0661,54676.10000000015,38564.999999999956
177432485.0661,54676.10000000015,38564.999999999956
177432487.0661,54676.10000000015,38564.999999999956
177432489.0661,54676.10000000015,38564.999999999956
177432491.0661,54676.10000000015,38564.999999999956
177432493.0661,54676.10000000015,38564.999999999956
177432495.0661,54676.10000000015,38564.999999999956
177432497.0661,54676.10000000015,38564.999999999956
177432499.0661,54676.10000000015,38564.999999999956
177432501.0661,54676.10000000015,38564.999999999956
177432503.0661,54676.10000000015,38564.999999999956
177432505.0661,54676.10000000015,38565.099999999955
177432507.0661,54676.10000000015,38565.099999999955
177432509.0661,54676.10000000015,38565.099999999955
177432511.0661,54676.10000000015,38565.099999999955
177432513.0661,54676.10000000015,38565.099999999955
177432515.0661,54676.10000000015,38565.099999999955
177432517.0661,54676.10000000015,38565.099999999955
177432519.0661,54676.10000000015,38565.099999999955
177432521.0661,54676.10000000015,38565.099999999955
177432523.0661,54676.10000000015,38565.099999999955
177432525.0661,54676.10000000015,38565.099999999955
177432527.0661,54676.10000000015,38565.099999999955
177432529.0661,54676.10000000015,38565.099999999955
177432531.0661,54676.10000000015,38565.099999999955
177432533.0661,54676.10000000015,38565.099999999955
177432535.0661,54676.10000000015,38565.099999999955
177432537.0661,54676.10000000015,38565.099999999955
177432539.0661,54676.10000000015,38565.099999999955
177432541.0661,54676.10000000015,38565.099999999955
177432543.0661,54676.10000000015,38565.099999999955
177432545.0661,54676.10000000015,38565.099999999955
177432547.0661,54676.10000000015,38565.099999999955
177432549.0661,54676.10000000015,38565.099999999955
177432551.0661,54676.10000000015,38565.099999999955
177432553.0661,54676.10000000015,38565.099999999955
177432555.0661,54676.10000000015,38565.099999999955
177432557.0661,54676.10000000015,38565.099999999955
177432559.0661,54676.10000000015,38565.099999999955
177432561.0661,54676.10000000015,38565.099999999955
177432563.0661,54676.10000000015,38565.099999999955
177432565.0661,54676.10000000015,38565.099999999955
177432567.0661,54676.10000000015,38565.099999999955
177432569.0661,54676.10000000015,38565.099999999955
177432571.0661,54676.10000000015,38565.099999999955
177432573.0661,54676.10000000015,38565.099999999955
177432575.0661,54676.10000000015,38565.099999999955
177432577.0661,54676.10000000015,38565.099999999955
177432579.0661,54676.10000000015,38565.099999999955
177432581.0661,54676.10000000015,38565.099999999955
177432583.0661,54676.10000000015,38565.099999999955
177432585.0661,54676.10000000015,38565.099999999955
177432587.0661,54676.10000000015,38565.099999999955
177432589.0661,54676.10000000015,38565.099999999955
177432591.0661,54676.10000000015,38565.099999999955
177432593.0661,54676.10000000015,38565.099999999955
177432595.0661,54676.10000000015,38565.099999999955
177432597.0661,54676.10000000015,38565.099999999955
177432599.0661,54676.10000000015,38565.099999999955
177432601.0661,54676.10000000015,38565.099999999955
177432603.0661,54676.10000000015,38565.099999999955
177432605.0661,54676.10000000015,38565.099999999955
177432607.0661,54676.10000000015,38565.099999999955
177432609.0661,54676.10000000015,38565.099999999955
177432611.0661,54676.10000000015,38565.099999999955
177432613.0661,54676.10000000015,38565.099999999955
177432615.0661,54676.10000000015,38565.099999999955
177432617.1661,54676.10000000015,38565.099999999955
177432619.0661,54676.10000000015,38565.099999999955
177432621.0661,54676.10000000015,38565.099999999955
177432623.0661,54676.10000000015,38565.099999999955
177432625.0661,54676.10000000015,38565.099999999955
177432627.0661,54676.10000000015,38565.099999999955
177432629.0661,54676.10000000015,38565.099999999955
177432631.0661,54676.10000000015,38565.099999999955
177432633.0661,54676.10000000015,38565.099999999955
177432635.0661,54676.10000000015,38565.099999999955
177432637.0661,54676.10000000015,38565.099999999955
177432639.0661,54676.10000000015,38565.099999999955
177432641.0661,54676.10000000015,38565.099999999955
177432643.0661,54676.10000000015,38565.099999999955
177432645.0661,54676.10000000015,38565.099999999955
177432647.0661,54676.10000000015,38565.099999999955
177432649.0661,54676.10000000015,38565.099999999955
177432651.0661,54676.10000000015,38565.099999999955
177432653.0661,54676.10000000015,38565.099999999955
177432655.0661,54676.10000000015,38565.099999999955
177432657.0661,54676.10000000015,38565.099999999955
177432659.0661,54676.10000000015,38565.099999999955
177432661.0661,54676.10000000015,38565.099999999955
177432663.0661,54676.10000000015,38565.099999999955
177432665.0661,54676.10000000015,38565.099999999955
177432667.0661,54676.10000000015,38565.099999999955
177432669.0661,54676.10000000015,38565.099999999955
177432671.0661,54676.10000000015,38565.099999999955
177432673.0661,54676.10000000015,38565.099999999955
177432675.0661,54676.10000000015,38565.099999999955
177432677.0661,54676.10000000015,38565.099999999955
177432679.0661,54676.10000000015,38565.099999999955
177432681.0661,54676.10000000015,38565.099999999955
177432683.0661,54676.10000000015,38565.099999999955
177432685.0661,54676.10000000015,38565.099999999955
177432687.0661,54676.10000000015,38565.099999999955
177432689.0661,54676.10000000015,38565.099999999955
177432691.0661,54676.10000000015,38565.099999999955
177432693.0661,54676.10000000015,38565.099999999955
177432695.0661,54676.10000000015,38565.099999999955
177432697.0661,54676.10000000015,38565.099999999955
177432699.0661,54676.10000000015,38565.099999999955
177432701.0661,54676.10000000015,38565.099999999955
177432703.0661,54676.10000000015,38565.099999999955
177432705.0661,54676.10000000015,38565.099999999955
177432707.0661,54676.10000000015,38565.099999999955
177432709.0661,54676.10000000015,38565.099999999955
177432711.0661,54676.10000000015,38565.099999999955
177432713.0661,54676.10000000015,38565.099999999955
177432715.0661,54676.10000000015,38565.099999999955
177432717.0661,54676.10000000015,38565.099999999955
177432719.0661,54676.10000000015,38565.099999999955
177432721.0661,54676.10000000015,38565.099999999955
177432723.0661,54676.10000000015,38565.099999999955
177432725.0661,54676.10000000015,38565.099999999955
177432727.0661,54676.10000000015,38565.099999999955
177432729.0661,54676.10000000015,38565.099999999955
177432731.0661,54676.10000000015,38565.099999999955
177432733.0661,54676.10000000015,38565.099999999955
177432735.0661,54676.10000000015,38565.099999999955
177432737.0661,54676.10000000015,38565.099999999955
177432739.0661,54676.10000000015,38565.099999999955
177432741.0661,54676.10000000015,38565.099999999955
177432743.0661,54676.10000000015,38565.099999999955
177432745.0661,54676.10000000015,38565.099999999955
177432747.0661,54676.10000000015,38565.099999999955
177432749.0661,54676.10000000015,38565.099999999955
177432751.0661,54676.10000000015,38565.099999999955
177432753.0661,54676.10000000015,38565.099999999955
177432755.0661,54676.10000000015,38565.099999999955
177432757.0661,54676.10000000015,38565.099999999955
177432759.0661,54676.10000000015,38565.099999999955
177432761.0661,54676.10000000015,38565.099999999955
177432763.0661,54676.10000000015,38565.099999999955
177432765.0661,54676.10000000015,38565.099999999955
177432767.0661,54676.10000000015,38565.099999999955
177432769.0661,54676.10000000015,38565.099999999955
177432771.0661,54676.10000000015,38565.099999999955
177432773.0661,54676.10000000015,38565.099999999955
177432775.0661,54676.10000000015,38565.099999999955
177432777.0661,54676.10000000015,38565.099999999955
177432779.0661,54676.10000000015,38565.099999999955
177432781.0661,54676.10000000015,38565.099999999955
177432783.0661,54676.10000000015,38565.099999999955
177432785.0661,54676.10000000015,38565.099999999955
177432787.0661,54676.10000000015,38565.099999999955
177432789.0661,54676.10000000015,38565.099999999955
177432791.0661,54676.10000000015,38565.099999999955
177432793.0661,54676.10000000015,38565.099999999955
177432795.0661,54676.10000000015,38565.099999999955
177432797.0661,54676.10000000015,38565.099999999955
177432799.0661,54676.10000000015,38565.099999999955
177432801.0661,54676.10000000015,38565.099999999955
177432803.0661,54676.10000000015,38565.099999999955
177432805.0661,54676.10000000015,38565.099999999955
177432807.0661,54676.10000000015,38565.099999999955
177432809.0661,54676.10000000015,38565.099999999955
177432811.0661,54676.10000000015,38565.099999999955
177432813.0661,54676.10000000015,38565.099999999955
177432815.0661,54676.10000000015,38565.099999999955
177432817.0661,54676.10000000015,38565.099999999955
177432819.0661,54676.10000000015,38565.099999999955
177432821.0661,54676.10000000015,38565.099999999955
177432823.0661,54676.10000000015,38565.099999999955
177432825.0661,54676.10000000015,38565.099999999955
177432827.0661,54676.10000000015,38565.099999999955
177432829.0661,54676.10000000015,38565.099999999955
177432831.0661,54676.10000000015,38565.099999999955
177432833.0661,54676.10000000015,38565.099999999955
177432835.0661,54676.10000000015,38565.099999999955
177432837.0661,54676.10000000015,38565.099999999955
177432839.0661,54676.10000000015,38565.099999999955
177432841.0661,54676.10000000015,38565.099999999955
177432843.0661,54676.10000000015,38565.099999999955
177432845.0661,54676.10000000015,38565.099999999955
177432847.0661,54676.10000000015,38565.099999999955
177432849.0661,54676.10000000015,38565.099999999955
177432851.0661,54676.10000000015,38565.099999999955
177432853.0661,54676.10000000015,38565.099999999955
177432855.0661,54676.10000000015,38565.099999999955
177432857.0661,54676.10000000015,38565.099999999955
177432859.0661,54676.10000000015,38565.099999999955
177432861.0661,54676.10000000015,38565.099999999955
177432863.0661,54676.10000000015,38565.099999999955
177432865.0661,54676.10000000015,38565.099999999955
177432867.0661,54676.10000000015,38565.099999999955
177432869.0661,54676.10000000015,38565.099999999955
177432871.0661,54676.10000000015,38565.099999999955
177432873.0661,54676.10000000015,38565.099999999955
177432875.0661,54676.10000000015,38565.099999999955
177432877.0661,54676.10000000015,38565.099999999955
177432879.0661,54676.10000000015,38565.099999999955
177432881.0661,54676.10000000015,38565.099999999955
177432883.0661,54676.10000000015,38565.099999999955
177432885.0661,54676.10000000015,38565.099999999955
177432887.0661,54676.10000000015,38565.099999999955
177432889.0661,54676.10000000015,38565.099999999955
177432891.0661,54676.10000000015,38565.099999999955
177432893.0661,54676.10000000015,38565.099999999955
177432895.0661,54676.10000000015,38565.099999999955
177432897.0661,54676.10000000015,38565.099999999955
177432899.0661,54676.10000000015,38565.099999999955
177432901.0661,54676.10000000015,38565.099999999955
177432903.0661,54676.10000000015,38565.099999999955
177432905.0661,54676.10000000015,38565.099999999955
177432907.0661,54676.10000000015,38565.099999999955
177432909.0661,54676.10000000015,38565.099999999955
177432911.0661,54676.10000000015,38565.099999999955
177432913.0661,54676.10000000015,38565.099999999955
177432915.0661,54676.10000000015,38565.099999999955
177432917.0661,54676.10000000015,38565.099999999955
177432919.0661,54676.10000000015,38565.099999999955
177432921.0661,54676.10000000015,38565.099999999955
177432923.0661,54676.10000000015,38565.099999999955
177432925.0661,54676.10000000015,38565.099999999955
177432927.0661,54676.10000000015,38565.099999999955
177432929.0661,54676.10000000015,38565.099999999955
177432931.0661,54676.10000000015,38565.099999999955
177432933.0661,54676.10000000015,38565.099999999955
177432935.0661,54676.10000000015,38565.099999999955
177432937.0661,54676.10000000015,38565.099999999955
177432939.0661,54676.10000000015,38565.099999999955
177432941.0661,54676.10000000015,38565.099999999955
177432943.0661,54676.10000000015,38565.099999999955
177432945.0661,54676.10000000015,38565.099999999955
177432947.0661,54676.10000000015,38565.099999999955
177432949.0661,54676.10000000015,38565.099999999955
177432951.0661,54676.10000000015,38565.099999999955
177432953.0661,54676.10000000015,38565.099999999955
177432955.0661,54676.10000000015,38565.099999999955
177432957.0661,54676.10000000015,38565.099999999955
177432959.0661,54676.10000000015,38565.099999999955
177432961.0661,54676.10000000015,38565.099999999955
177432963.0661,54676.10000000015,38565.099999999955
177432965.0661,54676.10000000015,38565.099999999955
177432967.0661,54676.10000000015,38565.099999999955
177432969.0661,54676.10000000015,38565.099999999955
177432971.0661,54676.10000000015,38565.099999999955
177432973.0661,54676.10000000015,38565.099999999955
177432975.0661,54676.10000000015,38565.099999999955
177432977.0661,54676.10000000015,38565.099999999955
177432979.0661,54676.10000000015,38565.099999999955
177432981.0661,54676.10000000015,38565.099999999955
177432983.0661,54676.00000000015,38565.099999999955
177432985.0661,54676.00000000015,38565.099999999955
177432987.0661,54676.00000000015,38565.099999999955
177432989.0661,54676.00000000015,38565.099999999955
177432991.0661,54676.00000000015,38565.099999999955
177432993.0661,54676.00000000015,38565.099999999955
177432995.0661,54676.00000000015,38565.099999999955
177432997.0661,54676.00000000015,38565.099999999955
177432999.0661,54676.00000000015,38565.099999999955
177433001.0661,54676.00000000015,38565.099999999955
177433003.0661,54676.00000000015,38565.099999999955
177433005.0661,54676.00000000015,38565.099999999955
177433007.0661,54676.00000000015,38565.099999999955
177433009.0661,54676.00000000015,38565.099999999955
177433011.0661,54676.00000000015,38565.099999999955
177433013.0661,54676.00000000015,38565.099999999955
177433015.0661,54676.00000000015,38565.099999999955
177433017.0661,54676.00000000015,38565.099999999955
177433019.0661,54676.00000000015,38565.099999999955
177433021.0661,54676.00000000015,38565.099999999955
177433023.0661,54676.00000000015,38565.099999999955
177433025.0661,54676.00000000015,38565.099999999955
177433027.0661,54676.00000000015,38565.099999999955
177433029.0661,54676.00000000015,38565.099999999955
177433031.0661,54676.00000000015,38565.099999999955
177433033.0661,54676.00000000015,38565.099999999955
177433035.0661,54676.00000000015,38565.099999999955
177433037.0661,54676.00000000015,38565.099999999955
177433039.0661,54676.00000000015,38565.099999999955
177433041.0661,54676.00000000015,38565.099999999955
177433043.0661,54676.00000000015,38565.099999999955
177433045.0661,54675.900000000154,38565.099999999955
177433047.0661,54675.900000000154,38565.099999999955
177433049.0661,54675.900000000154,38565.099999999955
177433051.0661,54675.900000000154,38565.099999999955
177433053.0661,54675.900000000154,38565.099999999955
177433055.0661,54675.900000000154,38565.099999999955
177433057.0661,54675.900000000154,38565.099999999955
177433059.0661,54675.900000000154,38565.099999999955
177433061.0661,54675.900000000154,38565.099999999955
177433063.0661,54675.900000000154,38565.099999999955
177433065.0661,54675.900000000154,38565.099999999955
177433067.0661,54675.900000000154,38565.099999999955
177433069.0661,54675.900000000154,38565.099999999955
177433071.0661,54675.900000000154,38565.19999999995
177433073.0661,54675.900000000154,38565.19999999995
177433075.0661,54675.900000000154,38565.19999999995
177433077.0661,54675.900000000154,38565.19999999995
177433079.0661,54675.900000000154,38565.19999999995
177433081.0661,54675.900000000154,38565.19999999995
177433083.0661,54675.900000000154,38565.19999999995
177433085.0661,54675.900000000154,38565.19999999995
177433087.0661,54675.900000000154,38565.19999999995
177433089.0661,54675.900000000154,38565.19999999995
177433091.0661,54675.900000000154,38565.19999999995
177433093.0661,54675.900000000154,38565.19999999995
177433095.0661,54675.900000000154,38565.19999999995
177433097.0661,54675.900000000154,38565.19999999995
177433099.0661,54675.900000000154,38565.19999999995
177433101.0661,54675.900000000154,38565.19999999995
177433103.0661,54675.900000000154,38565.19999999995
177433105.0661,54675.900000000154,38565.19999999995
177433107.0661,54675.900000000154,38565.19999999995
177433109.0661,54675.900000000154,38565.19999999995
177433111.0661,54675.900000000154,38565.19999999995
177433113.0661,54675.900000000154,38565.19999999995
177433115.0661,54675.900000000154,38565.19999999995
177433117.0661,54675.900000000154,38565.19999999995
177433119.0661,54675.900000000154,38565.19999999995
177433121.0661,54675.900000000154,38565.19999999995
177433123.0661,54675.900000000154,38565.19999999995
177433125.0661,54675.900000000154,38565.19999999995
177433127.0661,54675.900000000154,38565.19999999995
177433129.0661,54675.900000000154,38565.19999999995
177433131.0661,54675.900000000154,38565.19999999995
177433133.0661,54675.900000000154,38565.19999999995
177433135.0661,54675.900000000154,38565.19999999995
177433137.0661,54675.900000000154,38565.19999999995
177433139.0661,54675.900000000154,38565.19999999995
177433141.0661,54675.900000000154,38565.19999999995
177433143.0661,54675.900000000154,38565.19999999995
177433145.0661,54675.900000000154,38565.19999999995
177433147.0661,54675.900000000154,38565.19999999995
177433149.0661,54675.900000000154,38565.19999999995
177433151.0661,54675.900000000154,38565.19999999995
177433153.0661,54675.900000000154,38565.19999999995
177433155.0661,54675.900000000154,38565.19999999995
177433157.0661,54675.900000000154,38565.19999999995
177433159.0661,54675.900000000154,38565.19999999995
177433161.0661,54675.900000000154,38565.19999999995
177433163.0661,54675.900000000154,38565.19999999995
177433165.0661,54675.900000000154,38565.19999999995
177433167.0661,54675.900000000154,38565.19999999995
177433169.0661,54675.900000000154,38565.19999999995
177433171.0661,54675.900000000154,38565.19999999995
177433173.0661,54675.900000000154,38565.19999999995
177433175.0661,54675.900000000154,38565.19999999995
177433177.0661,54675.900000000154,38565.19999999995
177433179.0661,54675.900000000154,38565.19999999995
177433181.0661,54675.900000000154,38565.19999999995
177433183.0661,54675.900000000154,38565.19999999995
177433185.0661,54675.900000000154,38565.19999999995
177433187.0661,54675.900000000154,38565.19999999995
177433189.0661,54675.900000000154,38565.19999999995
177433191.0661,54675.900000000154,38565.19999999995
177433193.0661,54675.900000000154,38565.19999999995
177433195.0661,54675.900000000154,38565.19999999995
177433197.0661,54675.800000000156,38565.19999999995
177433199.0661,54675.800000000156,38565.19999999995
177433201.0661,54675.70000000016,38565.19999999995
177433203.0661,54675.70000000016,38565.19999999995
177433205.0661,54675.70000000016,38565.19999999995
177433207.0661,54675.70000000016,38565.19999999995
177433209.0661,54675.70000000016,38565.19999999995
177433211.0661,54675.70000000016,38565.19999999995
177433213.0661,54675.70000000016,38565.19999999995
177433215.0661,54675.70000000016,38565.19999999995
177433217.0661,54675.70000000016,38565.19999999995
177433219.0661,54675.70000000016,38565.19999999995
177433221.0661,54675.70000000016,38565.19999999995
177433223.0661,54675.70000000016,38565.19999999995
177433225.0661,54675.70000000016,38565.19999999995
177433227.0661,54675.70000000016,38565.19999999995
177433229.0661,54675.70000000016,38565.19999999995
177433231.0661,54675.70000000016,38565.19999999995
177433233.0661,54675.70000000016,38565.19999999995
177433235.0661,54675.70000000016,38565.19999999995
177433237.0661,54675.70000000016,38565.29999999995
177433239.0661,54675.70000000016,38565.29999999995
177433241.0661,54675.70000000016,38565.29999999995
177433243.0661,54675.70000000016,38565.29999999995
177433245.0661,54675.70000000016,38565.29999999995
177433247.0661,54675.70000000016,38565.29999999995
177433249.0661,54675.70000000016,38565.29999999995
177433251.0661,54675.70000000016,38565.29999999995
177433253.0661,54675.70000000016,38565.29999999995
177433255.0661,54675.70000000016,38565.29999999995
177433257.0661,54675.70000000016,38565.29999999995
177433259.0661,54675.70000000016,38565.29999999995
177433261.0661,54675.70000000016,38565.29999999995
177433263.0661,54675.70000000016,38565.29999999995
177433265.0661,54675.70000000016,38565.29999999995
177433267.0661,54675.70000000016,38565.29999999995
177433269.0661,54675.70000000016,38565.29999999995
177433271.0661,54675.70000000016,38565.29999999995
177433273.0661,54675.70000000016,38565.29999999995
177433275.0661,54675.70000000016,38565.29999999995
177433277.0661,54675.70000000016,38565.29999999995
177433279.0661,54675.70000000016,38565.29999999995
177433281.0661,54675.70000000016,38565.29999999995
177433283.0661,54675.70000000016,38565.29999999995
177433285.0661,54675.70000000016,38565.29999999995
177433287.0661,54675.70000000016,38565.29999999995
177433289.0661,54675.70000000016,38565.29999999995
177433291.0661,54675.70000000016,38565.29999999995
177433293.0661,54675.70000000016,38565.29999999995
177433295.1661,54675.70000000016,38565.29999999995
177433297.0661,54675.70000000016,38565.29999999995
177433299.0661,54675.70000000016,38565.29999999995
177433301.0661,54675.70000000016,38565.29999999995
177433303.0661,54675.70000000016,38565.29999999995
177433305.0661,54675.70000000016,38565.29999999995
177433307.0661,54675.70000000016,38565.29999999995
177433309.0661,54675.70000000016,38565.29999999995
177433311.0661,54675.70000000016,38565.29999999995
177433313.0661,54675.70000000016,38565.29999999995
177433315.0661,54675.70000000016,38565.29999999995
177433317.0661,54675.70000000016,38565.29999999995
177433319.0661,54675.70000000016,38565.29999999995
177433321.0661,54675.70000000016,38565.29999999995
177433323.0661,54675.70000000016,38565.29999999995
177433325.0661,54675.70000000016,38565.29999999995
177433327.0661,54675.70000000016,38565.29999999995
177433329.0661,54675.70000000016,38565.29999999995
177433331.0661,54675.70000000016,38565.29999999995
177433333.0661,54675.70000000016,38565.29999999995
177433335.0661,54675.70000000016,38565.29999999995
177433337.0661,54675.60000000016,38565.29999999995
177433339.0661,54675.60000000016,38565.29999999995
177433341.0661,54675.60000000016,38565.29999999995
177433343.0661,54675.60000000016,38565.29999999995
177433345.0661,54675.50000000016,38565.29999999995
177433347.0661,54675.50000000016,38565.29999999995
177433349.0661,54675.50000000016,38565.29999999995
177433351.0661,54675.50000000016,38565.29999999995
177433353.0661,54675.50000000016,38565.29999999995
177433355.0661,54675.50000000016,38565.29999999995
177433357.0661,54675.50000000016,38565.29999999995
177433359.0661,54675.50000000016,38565.29999999995
177433361.0661,54675.50000000016,38565.29999999995
177433363.0661,54675.50000000016,38565.29999999995
177433365.0661,54675.50000000016,38565.29999999995
177433367.0661,54675.50000000016,38565.29999999995
177433369.0661,54675.50000000016,38565.39999999995
177433371.0661,54675.50000000016,38565.39999999995
177433373.0661,54675.50000000016,38565.39999999995
177433375.0661,54675.50000000016,38565.39999999995
177433377.0661,54675.50000000016,38565.39999999995
177433379.0661,54675.50000000016,38565.39999999995
177433381.0661,54675.50000000016,38565.39999999995
177433383.0661,54675.50000000016,38565.39999999995
177433385.0661,54675.50000000016,38565.39999999995
177433387.0661,54675.50000000016,38565.39999999995
177433389.0661,54675.50000000016,38565.39999999995
177433391.0661,54675.50000000016,38565.39999999995
177433393.0661,54675.50000000016,38565.39999999995
177433395.0661,54675.50000000016,38565.39999999995
177433397.0661,54675.50000000016,38565.39999999995
177433399.0661,54675.50000000016,38565.39999999995
177433401.0661,54675.50000000016,38565.39999999995
177433403.0661,54675.50000000016,38565.39999999995
177433405.0661,54675.50000000016,38565.39999999995
177433407.0661,54675.50000000016,38565.39999999995
177433409.0661,54675.50000000016,38565.39999999995
177433411.0661,54675.50000000016,38565.39999999995
177433413.0661,54675.50000000016,38565.39999999995
177433415.0661,54675.50000000016,38565.39999999995
177433417.0661,54675.50000000016,38565.39999999995
177433419.0661,54675.50000000016,38565.39999999995
177433421.0661,54675.50000000016,38565.39999999995
177433423.0661,54675.50000000016,38565.39999999995
177433425.0661,54675.50000000016,38565.39999999995
177433427.0661,54675.50000000016,38565.39999999995
177433429.0661,54675.50000000016,38565.39999999995
177433431.0661,54675.50000000016,38565.39999999995
177433433.0661,54675.50000000016,38565.39999999995
177433435.0661,54675.50000000016,38565.39999999995
177433437.0661,54675.50000000016,38565.39999999995
177433439.0661,54675.50000000016,38565.39999999995
177433441.0661,54675.50000000016,38565.39999999995
177433443.0661,54675.50000000016,38565.39999999995
177433445.0661,54675.50000000016,38565.39999999995
177433447.0661,54675.50000000016,38565.39999999995
177433449.0661,54675.50000000016,38565.39999999995
177433451.0661,54675.50000000016,38565.39999999995
177433453.0661,54675.50000000016,38565.39999999995
177433455.0661,54675.50000000016,38565.39999999995
177433457.0661,54675.50000000016,38565.39999999995
177433459.0661,54675.50000000016,38565.39999999995
177433461.0661,54675.50000000016,38565.39999999995
177433463.0661,54675.50000000016,38565.39999999995
177433465.0661,54675.50000000016,38565.39999999995
177433467.0661,54675.50000000016,38565.39999999995
177433469.0661,54675.50000000016,38565.39999999995
177433471.0661,54675.50000000016,38565.39999999995
177433473.0661,54675.50000000016,38565.39999999995
177433475.0661,54675.50000000016,38565.39999999995
177433477.0661,54675.50000000016,38565.39999999995
177433479.0661,54675.50000000016,38565.39999999995
177433481.0661,54675.50000000016,38565.39999999995
177433483.0661,54675.50000000016,38565.39999999995
177433485.0661,54675.50000000016,38565.39999999995
177433487.0661,54675.50000000016,38565.39999999995
177433489.0661,54675.50000000016,38565.39999999995
177433491.0661,54675.50000000016,38565.39999999995
177433493.0661,54675.50000000016,38565.39999999995
177433495.0661,54675.50000000016,38565.39999999995
177433497.0661,54675.50000000016,38565.39999999995
177433499.0661,54675.50000000016,38565.39999999995
177433501.0661,54675.50000000016,38565.39999999995
177433503.0661,54675.50000000016,38565.39999999995
177433505.0661,54675.50000000016,38565.39999999995
177433507.0661,54675.50000000016,38565.39999999995
177433509.0661,54675.50000000016,38565.39999999995
177433511.0661,54675.50000000016,38565.39999999995
177433513.0661,54675.50000000016,38565.39999999995
177433515.0661,54675.50000000016,38565.39999999995
177433517.0661,54675.50000000016,38565.39999999995
177433519.0661,54675.50000000016,38565.39999999995
177433521.0661,54675.50000000016,38565.39999999995
177433523.0661,54675.50000000016,38565.39999999995
177433525.0661,54675.50000000016,38565.39999999995
177433527.0661,54675.50000000016,38565.39999999995
177433529.0661,54675.50000000016,38565.39999999995
177433531.0661,54675.50000000016,38565.39999999995
177433533.0661,54675.50000000016,38565.39999999995
177433535.0661,54675.50000000016,38565.39999999995
177433537.0661,54675.50000000016,38565.39999999995
177433539.0661,54675.50000000016,38565.39999999995
177433541.0661,54675.50000000016,38565.39999999995
177433543.0661,54675.50000000016,38565.39999999995
177433545.0661,54675.50000000016,38565.39999999995
177433547.0661,54675.50000000016,38565.39999999995
177433549.0661,54675.50000000016,38565.39999999995
177433551.0661,54675.40000000016,38565.39999999995
177433553.0661,54675.40000000016,38565.39999999995
177433555.0661,54675.40000000016,38565.39999999995
177433557.0661,54675.40000000016,38565.39999999995
177433559.0661,54675.40000000016,38565.39999999995
177433561.0661,54675.40000000016,38565.39999999995
177433563.0661,54675.40000000016,38565.39999999995
177433565.0661,54675.40000000016,38565.39999999995
177433567.0661,54675.30000000016,38565.39999999995
177433569.0661,54675.30000000016,38565.39999999995
177433571.0661,54675.30000000016,38565.39999999995
177433573.0661,54675.30000000016,38565.39999999995
177433575.0661,54675.30000000016,38565.39999999995
177433577.0661,54675.30000000016,38565.39999999995
177433579.0661,54675.30000000016,38565.39999999995
177433581.0661,54675.30000000016,38565.39999999995
177433583.0661,54675.30000000016,38565.39999999995
177433585.0661,54675.30000000016,38565.39999999995
177433587.0661,54675.30000000016,38565.39999999995
177433589.0661,54675.30000000016,38565.39999999995
177433591.0661,54675.200000000164,38565.39999999995
177433593.0661,54675.200000000164,38565.49999999995
177433595.0661,54675.200000000164,38565.49999999995
177433597.0661,54675.200000000164,38565.49999999995
177433599.0661,54675.200000000164,38565.49999999995
177433601.0661,54675.200000000164,38565.49999999995
177433603.0661,54675.200000000164,38565.49999999995
177433605.0661,54675.200000000164,38565.49999999995
177433607.0661,54675.200000000164,38565.49999999995
177433609.0661,54675.200000000164,38565.49999999995
177433611.0661,54675.200000000164,38565.49999999995
177433613.0661,54675.200000000164,38565.49999999995
177433615.0661,54675.200000000164,38565.49999999995
177433617.0661,54675.200000000164,38565.49999999995
177433619.0661,54675.200000000164,38565.49999999995
177433621.0661,54675.200000000164,38565.49999999995
177433623.0661,54675.200000000164,38565.49999999995
177433625.0661,54675.200000000164,38565.49999999995
177433627.0661,54675.200000000164,38565.49999999995
177433629.0661,54675.200000000164,38565.49999999995
177433631.0661,54675.200000000164,38565.49999999995
177433633.0661,54675.200000000164,38565.49999999995
177433635.0661,54675.200000000164,38565.49999999995
177433637.0661,54675.200000000164,38565.49999999995
177433639.0661,54675.200000000164,38565.49999999995
177433641.0661,54675.200000000164,38565.49999999995
177433643.0661,54675.200000000164,38565.49999999995
177433645.0661,54675.200000000164,38565.49999999995
177433647.0661,54675.200000000164,38565.49999999995
177433649.0661,54675.200000000164,38565.49999999995
177433651.0661,54675.200000000164,38565.49999999995
177433653.0661,54675.200000000164,38565.49999999995
177433655.0661,54675.200000000164,38565.49999999995
177433657.0661,54675.200000000164,38565.49999999995
177433659.0661,54675.200000000164,38565.49999999995
177433661.0661,54675.200000000164,38565.49999999995
177433663.0661,54675.200000000164,38565.49999999995
177433665.0661,54675.200000000164,38565.49999999995
177433667.0661,54675.200000000164,38565.49999999995
177433669.0661,54675.200000000164,38565.49999999995
177433671.0661,54675.200000000164,38565.49999999995
177433673.0661,54675.200000000164,38565.49999999995
177433675.0661,54675.200000000164,38565.49999999995
177433677.0661,54675.200000000164,38565.49999999995
177433679.0661,54675.200000000164,38565.49999999995
177433681.0661,54675.200000000164,38565.49999999995
177433683.0661,54675.100000000166,38565.49999999995
177433685.0661,54675.100000000166,38565.49999999995
177433687.0661,54675.100000000166,38565.49999999995
177433689.0661,54675.100000000166,38565.49999999995
177433691.0661,54675.100000000166,38565.49999999995
177433693.0661,54675.100000000166,38565.49999999995
177433695.0661,54675.100000000166,38565.49999999995
177433697.0661,54675.100000000166,38565.49999999995
177433699.0661,54675.100000000166,38565.49999999995
177433701.0661,54675.100000000166,38565.49999999995
177433703.0661,54675.100000000166,38565.49999999995
177433705.0661,54675.100000000166,38565.49999999995
177433707.0661,54675.100000000166,38565.49999999995
177433709.0661,54675.100000000166,38565.49999999995
177433711.0661,54675.100000000166,38565.49999999995
177433713.0661,54675.100000000166,38565.49999999995
177433715.0661,54675.100000000166,38565.49999999995
177433717.0661,54675.100000000166,38565.49999999995
177433719.0661,54675.100000000166,38565.49999999995
177433721.0661,54675.100000000166,38565.49999999995
177433723.0661,54675.100000000166,38565.49999999995
177433725.0661,54675.100000000166,38565.49999999995
177433727.0661,54675.100000000166,38565.49999999995
177433729.0661,54675.100000000166,38565.49999999995
177433731.0661,54675.100000000166,38565.49999999995
177433733.0661,54675.100000000166,38565.49999999995
177433735.0661,54675.100000000166,38565.49999999995
177433737.0661,54675.100000000166,38565.49999999995
177433739.0661,54675.100000000166,38565.49999999995
177433741.0661,54675.100000000166,38565.49999999995
177433743.0661,54675.100000000166,38565.49999999995
177433745.0661,54675.100000000166,38565.49999999995
177433747.0661,54675.100000000166,38565.49999999995
177433749.0661,54675.100000000166,38565.49999999995
177433751.0661,54675.100000000166,38565.49999999995
177433753.0661,54675.100000000166,38565.49999999995
177433755.0661,54675.100000000166,38565.49999999995
177433757.0661,54675.100000000166,38565.49999999995
177433759.0661,53064.100000000166,38565.59999999995
177433761.0661,53064.100000000166,38565.59999999995
177433763.0661,53064.100000000166,38565.59999999995
177433765.0661,53064.100000000166,38565.59999999995
177433767.0661,53064.100000000166,38565.59999999995
177433769.0661,53064.100000000166,38565.59999999995
177433771.0661,53064.100000000166,38565.59999999995
177433773.0661,53064.100000000166,38565.59999999995
177433775.0661,53064.100000000166,38565.59999999995
177433777.0661,53064.100000000166,38565.59999999995
177433779.0661,53064.100000000166,38565.59999999995
177433781.0661,53064.100000000166,38565.59999999995
177433783.0661,53064.00000000017,38565.59999999995
177433785.0661,53064.00000000017,38565.59999999995
177433787.0661,53064.00000000017,38565.59999999995
177433789.0661,53064.00000000017,38565.59999999995
177433791.0661,53064.00000000017,38565.59999999995
177433793.0661,53064.00000000017,38565.59999999995
177433795.0661,53064.00000000017,38565.59999999995
177433797.0661,53064.00000000017,38565.59999999995
177433799.0661,53064.00000000017,38565.59999999995
177433801.0661,53064.00000000017,38565.59999999995
177433803.0661,53064.00000000017,38565.59999999995
177433805.0661,53064.00000000017,38565.59999999995
177433807.0661,53064.00000000017,38565.59999999995
177433809.0661,53064.00000000017,38565.59999999995
177433811.0661,53064.00000000017,38565.59999999995
177433813.0661,53064.00000000017,38565.59999999995
177433815.0661,53064.00000000017,38565.59999999995
177433817.0661,53064.00000000017,38565.59999999995
177433819.0661,53064.00000000017,38565.59999999995
177433821.0661,54675.200000000164,38565.59999999995
177433823.0661,54675.200000000164,38565.59999999995
177433825.0661,54675.200000000164,38565.59999999995
177433827.0661,54675.200000000164,38565.59999999995
177433829.0661,54675.200000000164,38565.59999999995
177433831.0661,54675.200000000164,38565.59999999995
177433833.0661,54675.200000000164,38565.59999999995
177433835.0661,54675.200000000164,38565.59999999995
177433837.0661,54675.200000000164,38565.59999999995
177433839.0661,54675.200000000164,38565.59999999995
177433841.0661,54675.200000000164,38565.59999999995
177433843.0661,54675.200000000164,38565.59999999995
177433845.0661,54675.200000000164,38565.59999999995
177433847.0661,54675.200000000164,38565.59999999995
177433849.0661,54675.200000000164,38565.59999999995
177433851.0661,54675.200000000164,38565.59999999995
177433853.0661,54675.200000000164,38565.59999999995
177433855.0661,54675.200000000164,38565.699999999946
177433857.0661,54675.200000000164,38565.699999999946
177433859.0661,54675.200000000164,38565.699999999946
177433861.0661,54675.200000000164,38565.699999999946
177433863.0661,54675.200000000164,38565.699999999946
177433865.0661,54675.200000000164,38565.699999999946
177433867.0661,54675.200000000164,38565.699999999946
177433869.0661,54675.200000000164,38565.699999999946
177433871.0661,54675.200000000164,38565.699999999946
177433873.0661,54675.200000000164,38565.699999999946
177433875.0661,54675.200000000164,38565.699999999946
177433877.0661,54675.200000000164,38565.699999999946
177433879.0661,54675.200000000164,38565.699999999946
177433881.0661,54675.200000000164,38565.699999999946
177433883.0661,54675.200000000164,38565.699999999946
177433885.0661,54675.200000000164,38565.699999999946
177433887.0661,54675.200000000164,38565.699999999946
177433889.0661,54675.200000000164,38565.699999999946
177433891.0661,54675.200000000164,38565.699999999946
177433893.0661,54675.200000000164,38565.699999999946
177433895.0661,54675.200000000164,38565.699999999946
177433897.0661,54675.200000000164,38565.699999999946
177433899.0661,54675.200000000164,38565.699999999946
177433901.0661,54675.200000000164,38565.699999999946
177433903.0661,54675.200000000164,38565.699999999946
177433905.0661,54675.200000000164,38565.699999999946
177433907.0661,54675.200000000164,38565.699999999946
177433909.0661,54675.200000000164,38565.699999999946
177433911.0661,54675.200000000164,38565.699999999946
177433913.0661,54675.200000000164,38565.699999999946
177433915.0661,54675.200000000164,38565.699999999946
177433917.0661,54675.200000000164,38565.699999999946
177433919.0661,54675.200000000164,38565.699999999946
177433921.0661,53064.200000000164,38565.59999999995
177433923.0661,53064.200000000164,38565.59999999995
177433925.0661,53064.200000000164,38565.59999999995
177433927.0661,53064.200000000164,38565.59999999995
177433929.0661,53064.200000000164,38565.59999999995
177433931.0661,53064.200000000164,38565.59999999995
177433933.0661,53064.200000000164,38565.59999999995
177433935.0661,53064.200000000164,38565.59999999995
177433937.0661,53064.200000000164,38565.59999999995
177433939.0661,53064.200000000164,38565.699999999946
177433941.0661,53064.200000000164,38565.699999999946
177433943.0661,53064.200000000164,38565.699999999946
177433945.0661,53064.200000000164,38565.699999999946
177433947.0661,53064.200000000164,38565.699999999946
177433949.0661,53064.200000000164,38565.699999999946
177433951.0661,53064.200000000164,38565.699999999946
177433953.0661,53064.200000000164,38565.699999999946
177433955.0661,53064.200000000164,38565.699999999946
177433957.0661,53064.200000000164,38565.699999999946
177433959.0661,53064.200000000164,38565.699999999946
177433961.0661,53064.200000000164,38565.699999999946
177433963.0661,53064.200000000164,38565.699999999946
177433965.0661,53064.200000000164,38565.699999999946
177433967.0661,53064.200000000164,38565.699999999946
177433969.0661,53064.200000000164,38565.699999999946
177433971.0661,53064.200000000164,38565.699999999946
177433973.0661,53064.200000000164,38565.699999999946
177433975.0661,53064.200000000164,38565.699999999946
177433977.0661,53064.200000000164,38565.699999999946
177433979.0661,53064.200000000164,38565.699999999946
177433981.0661,53064.200000000164,38565.699999999946
177433983.0661,53064.200000000164,38565.699999999946
177433985.0661,53064.200000000164,38565.699999999946
177433987.0661,53064.200000000164,38565.699999999946
177433989.0661,53064.200000000164,38565.699999999946
177433991.0661,53064.200000000164,38565.699999999946
177433993.0661,53064.200000000164,38565.699999999946
177433995.0661,53064.200000000164,38565.699999999946
177433997.0661,53064.200000000164,38565.699999999946
177433999.0661,53064.200000000164,38565.699999999946
177434001.0661,53064.200000000164,38565.699999999946
177434003.0661,53064.200000000164,38565.699999999946
177434005.0661,53064.200000000164,38565.699999999946
177434007.0661,53064.200000000164,38565.699999999946
177434009.0661,53064.200000000164,38565.699999999946
177434011.0661,53064.200000000164,38565.699999999946
177434013.0661,53064.200000000164,38565.699999999946
177434015.0661,53064.200000000164,38565.699999999946
177434017.0661,53064.200000000164,38565.699999999946
177434019.0661,53064.200000000164,38565.699999999946
177434021.0661,54675.200000000164,38565.699999999946
177434023.0661,54675.200000000164,38565.699999999946
177434025.0661,54675.200000000164,38565.699999999946
177434027.0661,54675.200000000164,38565.699999999946
177434029.0661,54675.200000000164,38565.699999999946
177434031.0661,54675.200000000164,38565.699999999946
177434033.0661,54675.200000000164,38565.699999999946
177434035.0661,54675.200000000164,38565.699999999946
177434037.0661,54675.200000000164,38565.699999999946
177434039.0661,54675.200000000164,38565.699999999946
177434041.0661,54675.200000000164,38565.699999999946
177434043.0661,54675.200000000164,38565.699999999946
177434045.0661,54675.200000000164,38565.699999999946
177434047.0661,54675.200000000164,38565.699999999946
177434049.0661,54675.200000000164,38565.699999999946
177434051.0661,54675.200000000164,38565.699999999946
177434053.0661,54675.200000000164,38565.699999999946
177434055.0661,54675.200000000164,38565.699999999946
177434057.0661,54675.200000000164,38565.699999999946
177434059.0661,54675.200000000164,38565.699999999946
177434061.0661,54675.200000000164,38565.699999999946
177434063.0661,54675.200000000164,38565.699999999946
177434065.0661,54675.200000000164,38565.699999999946
177434067.0661,54675.200000000164,38565.699999999946
177434069.0661,54675.200000000164,38565.699999999946
177434071.0661,54675.200000000164,38565.699999999946
177434073.0661,54675.200000000164,38565.699999999946
177434075.0661,54675.200000000164,38565.699999999946
177434077.0661,54675.200000000164,38565.699999999946
177434079.0661,54675.200000000164,38565.699999999946
177434081.0661,54675.200000000164,38565.699999999946
177434083.0661,54675.200000000164,38565.699999999946
177434085.0661,54675.200000000164,38565.699999999946
177434087.0661,54675.200000000164,38565.699999999946
177434089.0661,54675.200000000164,38565.699999999946
177434091.0661,54675.200000000164,38565.699999999946
177434093.0661,54675.200000000164,38565.699999999946
177434095.0661,54675.200000000164,38565.699999999946
177434097.0661,54675.200000000164,38565.699999999946
177434099.0661,54675.200000000164,38565.699999999946
177434101.0661,54675.200000000164,38565.699999999946
177434103.0661,54675.200000000164,38565.699999999946
177434105.0661,54675.200000000164,38565.699999999946
177434107.0661,54675.200000000164,38565.699999999946
177434109.0661,54675.200000000164,38565.699999999946
177434111.0661,54675.200000000164,38565.699999999946
177434113.0661,54675.200000000164,38565.699999999946
177434115.0661,54675.200000000164,38565.699999999946
177434117.0661,54675.200000000164,38565.699999999946
177434119.0661,54675.200000000164,38565.699999999946
177434121.0661,54675.200000000164,38565.699999999946
177434123.0661,54675.200000000164,38565.699999999946
177434125.0661,54675.200000000164,38565.699999999946
177434127.0661,54675.200000000164,38565.699999999946
177434129.0661,54675.200000000164,38565.699999999946
177434131.0661,54675.200000000164,38565.699999999946
177434133.0661,54675.200000000164,38565.699999999946
177434135.0661,54675.200000000164,38565.699999999946
177434137.0661,54675.200000000164,38565.699999999946
177434139.0661,54675.200000000164,38565.699999999946
177434141.0661,54675.200000000164,38565.699999999946
177434143.0661,54675.200000000164,38565.699999999946
177434145.0661,54675.200000000164,38565.699999999946
177434147.0661,54675.200000000164,38565.699999999946
177434149.0661,54675.200000000164,38565.699999999946
177434151.0661,54675.200000000164,38565.699999999946
177434153.0661,54675.200000000164,38565.699999999946
177434155.0661,54675.200000000164,38565.699999999946
177434157.0661,54675.200000000164,38565.699999999946
177434159.0661,54675.200000000164,38565.699999999946
177434161.0661,54675.200000000164,38565.699999999946
177434163.0661,54675.200000000164,38565.699999999946
177434165.0661,54675.200000000164,38565.699999999946
177434167.0661,54675.200000000164,38565.699999999946
177434169.0661,54675.200000000164,38565.699999999946
177434171.0661,54675.200000000164,38565.699999999946
177434173.0661,54675.200000000164,38565.699999999946
177434175.0661,54675.200000000164,38565.699999999946
177434177.0661,54675.200000000164,38565.699999999946
177434179.0661,54675.200000000164,38565.699999999946
177434181.0661,54675.200000000164,38565.699999999946
177434183.0661,54675.200000000164,38565.699999999946
177434185.0661,54675.200000000164,38565.699999999946
177434187.0661,54675.200000000164,38565.699999999946
177434189.0661,54675.200000000164,38565.699999999946
177434191.0661,54675.200000000164,38565.699999999946
177434193.0661,54675.200000000164,38565.699999999946
177434195.0661,54675.200000000164,38565.699999999946
177434197.0661,54675.200000000164,38565.699999999946
177434199.0661,54675.100000000166,38565.699999999946
177434201.0661,54675.100000000166,38565.699999999946
177434203.0661,54675.100000000166,38565.699999999946
177434205.0661,54675.100000000166,38565.699999999946
177434207.0661,54675.100000000166,38565.699999999946
177434209.0661,54675.100000000166,38565.699999999946
177434211.0661,54675.100000000166,38565.699999999946
177434213.0661,54675.100000000166,38565.699999999946
177434215.0661,54675.100000000166,38565.699999999946
177434217.0661,54675.100000000166,38565.699999999946
177434219.0661,54675.100000000166,38565.699999999946
177434221.0661,54675.100000000166,38565.699999999946
177434223.0661,54675.100000000166,38565.699999999946
177434225.0661,54675.100000000166,38565.699999999946
177434227.0661,54675.100000000166,38565.699999999946
177434229.0661,54675.100000000166,38565.699999999946
177434231.0661,54675.100000000166,38565.699999999946
177434233.0661,54675.100000000166,38565.699999999946
177434235.0661,54675.100000000166,38565.699999999946
177434237.0661,54675.100000000166,38565.699999999946
177434239.0661,54675.100000000166,38565.699999999946
177434241.0661,54675.100000000166,38565.699999999946
177434243.0661,54675.100000000166,38565.699999999946
177434245.0661,54675.100000000166,38565.699999999946
177434247.0661,54675.100000000166,38565.699999999946
177434249.0661,54675.00000000017,38565.699999999946
177434251.0661,54675.00000000017,38565.699999999946
177434253.0661,54675.00000000017,38565.699999999946
177434255.0661,54675.00000000017,38565.699999999946
177434257.0661,54675.00000000017,38565.699999999946
177434259.0661,54675.00000000017,38565.699999999946
177434261.0661,54675.00000000017,38565.699999999946
177434263.0661,54675.00000000017,38565.699999999946
177434265.0661,54675.00000000017,38565.799999999945
177434267.0661,54675.00000000017,38565.799999999945
177434269.0661,54675.00000000017,38565.799999999945
177434271.0661,54675.00000000017,38565.799999999945
177434273.0661,54675.00000000017,38565.799999999945
177434275.0661,54675.00000000017,38565.799999999945
177434277.0661,54675.00000000017,38565.799999999945
177434279.0661,54675.00000000017,38565.799999999945
177434281.0661,54675.00000000017,38565.799999999945
177434283.0661,54675.00000000017,38565.799999999945
177434285.0661,54675.00000000017,38565.799999999945
177434287.0661,54675.00000000017,38565.799999999945
177434289.0661,54675.00000000017,38565.799999999945
177434291.0661,54675.00000000017,38565.799999999945
177434293.0661,54675.00000000017,38565.799999999945
177434295.0661,54675.00000000017,38565.799999999945
177434297.0661,54675.00000000017,38565.799999999945
177434299.0661,54675.00000000017,38565.799999999945
177434301.0661,54675.00000000017,38565.799999999945
177434303.0661,54675.00000000017,38565.799999999945
177434305.0661,54675.00000000017,38565.799999999945
177434307.0661,54675.00000000017,38565.799999999945
177434309.0661,54675.00000000017,38565.799999999945
177434311.0661,54675.00000000017,38565.799999999945
177434313.0661,54675.00000000017,38565.799999999945
177434315.0661,54675.00000000017,38565.799999999945
177434317.0661,54675.00000000017,38565.799999999945
177434319.0661,54675.00000000017,38565.799999999945
177434321.0661,54675.00000000017,38565.799999999945
177434323.0661,54675.00000000017,38565.799999999945
177434325.0661,54675.00000000017,38565.799999999945
177434327.0661,54675.00000000017,38565.799999999945
177434329.0661,54675.00000000017,38565.799999999945
177434331.0661,54675.00000000017,38565.799999999945
177434333.0661,54675.00000000017,38565.799999999945
177434335.0661,54675.00000000017,38565.799999999945
177434337.0661,54675.00000000017,38565.799999999945
177434339.0661,54675.00000000017,38565.799999999945
177434341.0661,54675.00000000017,38565.799999999945
177434343.0661,54675.00000000017,38565.799999999945
177434345.0661,54675.00000000017,38565.799999999945
177434347.0661,54675.00000000017,38565.799999999945
177434349.0661,54675.00000000017,38565.799999999945
177434351.0661,54675.00000000017,38565.799999999945
177434353.0661,54675.00000000017,38565.799999999945
177434355.0661,54675.00000000017,38565.799999999945
177434357.0661,54675.00000000017,38565.799999999945
177434359.0661,54675.00000000017,38565.799999999945
177434361.0661,54675.00000000017,38565.799999999945
177434363.0661,54675.00000000017,38565.799999999945
177434365.0661,54675.00000000017,38565.799999999945
177434367.0661,54675.00000000017,38565.799999999945
177434369.0661,54675.00000000017,38565.799999999945
177434371.0661,54675.00000000017,38565.799999999945
177434373.0661,54675.00000000017,38565.799999999945
177434375.0661,54675.00000000017,38565.799999999945
177434377.0661,54675.00000000017,38565.799999999945
177434379.0661,54675.00000000017,38565.799999999945
177434381.0661,54675.00000000017,38565.799999999945
177434383.0661,54675.00000000017,38565.799999999945
177434385.0661,54675.00000000017,38565.799999999945
177434387.0661,54675.00000000017,38565.799999999945
177434389.0661,54675.00000000017,38565.799999999945
177434391.0661,54675.00000000017,38565.799999999945
177434393.0661,54675.00000000017,38565.799999999945
177434395.0661,54675.00000000017,38565.799999999945
177434397.0661,54675.00000000017,38565.799999999945
177434399.0661,54675.00000000017,38565.799999999945
177434401.0661,54675.00000000017,38565.799999999945
177434403.0661,54675.00000000017,38565.799999999945
177434405.0661,54675.00000000017,38565.799999999945
177434407.0661,54675.00000000017,38565.799999999945
177434409.0661,54675.00000000017,38565.799999999945
177434411.0661,54675.00000000017,38565.799999999945
177434413.0661,54675.00000000017,38565.799999999945
177434415.0661,54675.00000000017,38565.799999999945
177434417.0661,54675.00000000017,38565.799999999945
177434419.0661,54675.00000000017,38565.799999999945
177434421.0661,54675.00000000017,38565.799999999945
177434423.0661,54675.00000000017,38565.799999999945
177434425.0661,54675.00000000017,38565.799999999945
177434427.0661,54675.00000000017,38565.799999999945
177434429.0661,54675.00000000017,38565.799999999945
177434431.0661,54675.00000000017,38565.799999999945
177434433.0661,54675.00000000017,38565.799999999945
177434435.0661,54675.00000000017,38565.799999999945
177434437.0661,54675.00000000017,38565.799999999945
177434439.0661,54675.00000000017,38565.799999999945
177434441.0661,54675.00000000017,38565.799999999945
177434443.0661,54675.00000000017,38565.799999999945
177434445.0661,54675.00000000017,38565.799999999945
177434447.0661,54675.00000000017,38565.799999999945
177434449.0661,54675.00000000017,38565.799999999945
177434451.0661,54675.00000000017,38565.799999999945
177434453.0661,54675.00000000017,38565.799999999945
177434455.0661,54675.00000000017,38565.799999999945
177434457.0661,54675.00000000017,38565.799999999945
177434459.0661,54675.00000000017,38565.799999999945
177434461.0661,54675.00000000017,38565.799999999945
177434463.0661,54675.00000000017,38565.799999999945
177434465.0661,54675.00000000017,38565.799999999945
177434467.0661,54675.00000000017,38565.799999999945
177434469.0661,54675.00000000017,38565.799999999945
177434471.0661,54675.00000000017,38565.799999999945
177434473.0661,54675.00000000017,38565.799999999945
177434475.0661,54675.00000000017,38565.799999999945
177434477.0661,54675.00000000017,38565.799999999945
177434479.0661,54675.00000000017,38565.799999999945
177434481.0661,54675.00000000017,38565.799999999945
177434483.0661,54675.00000000017,38565.799999999945
177434485.0661,54675.00000000017,38565.799999999945
177434487.0661,54675.00000000017,38565.799999999945
177434489.0661,54675.00000000017,38565.799999999945
177434491.0661,54675.00000000017,38565.799999999945
177434493.0661,54675.00000000017,38565.799999999945
177434495.0661,54675.00000000017,38565.799999999945
177434497.0661,54675.00000000017,38565.799999999945
177434499.0661,54675.00000000017,38565.799999999945
177434501.0661,54675.00000000017,38565.799999999945
177434503.0661,54675.00000000017,38565.799999999945
177434505.0661,54675.00000000017,38565.799999999945
177434507.0661,54675.00000000017,38565.799999999945
177434509.0661,54675.00000000017,38565.799999999945
177434511.0661,54675.00000000017,38565.799999999945
177434513.0661,54675.00000000017,38565.799999999945
177434515.0661,54675.00000000017,38565.799999999945
177434517.0661,54675.00000000017,38565.799999999945
177434519.0661,54675.00000000017,38565.799999999945
177434521.0661,54675.00000000017,38565.799999999945
177434523.0661,54675.00000000017,38565.799999999945
177434525.0661,54675.00000000017,38565.799999999945
177434527.0661,54675.00000000017,38565.799999999945
177434529.0661,54675.00000000017,38565.799999999945
177434531.0661,54675.00000000017,38565.799999999945
177434533.0661,54675.00000000017,38565.799999999945
177434535.0661,54675.00000000017,38565.89999999994
177434537.0661,54675.00000000017,38565.89999999994
177434539.0661,54675.00000000017,38565.89999999994
177434541.0661,54675.00000000017,38565.89999999994
177434543.0661,54675.00000000017,38565.89999999994
177434545.0661,54675.00000000017,38565.89999999994
177434547.0661,54675.00000000017,38565.89999999994
177434549.0661,54675.00000000017,38565.89999999994
177434551.0661,54675.00000000017,38565.89999999994
177434553.0661,54675.00000000017,38565.99999999994
177434555.0661,54675.00000000017,38565.99999999994
177434557.0661,54675.00000000017,38565.99999999994
177434559.0661,54675.00000000017,38565.99999999994
177434561.0661,54675.00000000017,38565.99999999994
177434563.0661,54675.00000000017,38565.99999999994
177434565.0661,54675.00000000017,38565.99999999994
177434567.0661,54675.00000000017,38565.99999999994
177434569.0661,54675.00000000017,38565.99999999994
177434571.0661,54675.00000000017,38565.99999999994
177434573.0661,54675.00000000017,38565.99999999994
177434575.0661,54675.00000000017,38565.99999999994
177434577.0661,54675.00000000017,38565.99999999994
177434579.0661,54675.00000000017,38565.99999999994
177434581.0661,54675.00000000017,38565.99999999994
177434583.0661,54675.00000000017,38565.99999999994
177434585.0661,54675.00000000017,38565.99999999994
177434587.0661,54675.00000000017,38565.99999999994
177434589.0661,54675.00000000017,38565.99999999994
177434591.0661,54675.00000000017,38565.99999999994
177434593.0661,54675.00000000017,38565.99999999994
177434595.0661,54675.00000000017,38565.99999999994
177434597.0661,54675.00000000017,38565.99999999994
177434599.0661,54675.00000000017,38565.99999999994
177434601.0661,54675.00000000017,38565.99999999994
177434603.0661,54675.00000000017,38565.99999999994
177434605.0661,54675.00000000017,38565.99999999994
177434607.0661,54675.00000000017,38565.99999999994
177434609.0661,54675.00000000017,38565.99999999994
177434611.0661,54675.00000000017,38565.99999999994
177434613.0661,54675.00000000017,38565.99999999994
177434615.0661,54675.00000000017,38565.99999999994
177434617.0661,54675.00000000017,38565.99999999994
177434619.0661,54675.00000000017,38565.99999999994
177434621.0661,54675.00000000017,38565.99999999994
177434623.0661,54675.00000000017,38565.99999999994
177434625.0661,54675.00000000017,38565.99999999994
177434627.0661,54675.00000000017,38565.99999999994
177434629.0661,54675.00000000017,38565.99999999994
177434631.0661,54675.00000000017,38565.99999999994
177434633.0661,54675.00000000017,38565.99999999994
177434635.0661,54675.00000000017,38565.99999999994
177434637.0661,54675.00000000017,38565.99999999994
177434639.0661,54675.00000000017,38566.09999999994
177434641.0661,54675.00000000017,38566.09999999994
177434643.0661,54675.00000000017,38566.09999999994
177434645.0661,54675.00000000017,38566.09999999994
177434647.0661,54675.00000000017,38566.09999999994
177434649.0661,54675.00000000017,38566.09999999994
177434651.0661,54675.00000000017,38566.09999999994
177434653.0661,54675.00000000017,38566.09999999994
177434655.0661,54675.00000000017,38566.09999999994
177434657.0661,54675.00000000017,38566.09999999994
177434659.0661,54675.00000000017,38566.09999999994
177434661.0661,54675.00000000017,38566.09999999994
177434663.0661,54675.00000000017,38566.09999999994
177434665.0661,54675.00000000017,38566.09999999994
177434667.0661,54675.00000000017,38566.09999999994
177434669.0661,54675.00000000017,38566.09999999994
177434671.0661,54675.00000000017,38566.09999999994
177434673.0661,54675.00000000017,38566.09999999994
177434675.0661,54675.00000000017,38566.09999999994
177434677.0661,54675.00000000017,38566.09999999994
177434679.0661,54675.00000000017,38566.09999999994
177434681.0661,54675.00000000017,38566.09999999994
177434683.0661,54675.00000000017,38566.09999999994
177434685.0661,54675.00000000017,38566.09999999994
177434687.0661,54675.00000000017,38566.09999999994
177434689.0661,54675.00000000017,38566.09999999994
177434691.0661,54675.00000000017,38566.09999999994
177434693.0661,54675.00000000017,38566.09999999994
177434695.0661,54675.00000000017,38566.09999999994
177434697.0661,54675.00000000017,38566.09999999994
177434699.0661,54675.00000000017,38566.09999999994
177434701.0661,54675.00000000017,38566.09999999994
177434703.0661,54675.00000000017,38566.09999999994
177434705.0661,54675.00000000017,38566.09999999994
177434707.0661,54675.00000000017,38566.09999999994
177434709.0661,54675.00000000017,38566.09999999994
177434711.0661,54675.00000000017,38566.09999999994
177434713.0661,54675.00000000017,38566.09999999994
177434715.0661,54675.00000000017,38566.09999999994
177434717.0661,54675.00000000017,38566.09999999994
177434719.0661,54675.00000000017,38566.09999999994
177434721.0661,54675.00000000017,38566.09999999994
177434723.0661,54675.00000000017,38566.09999999994
177434725.0661,54675.00000000017,38566.09999999994
177434727.0661,54675.00000000017,38566.09999999994
177434729.0661,54675.00000000017,38566.09999999994
177434731.0661,54675.00000000017,38566.09999999994
177434733.0661,54675.00000000017,38566.09999999994
177434735.0661,54675.00000000017,38566.09999999994
177434737.0661,54674.90000000017,38566.09999999994
177434739.0661,54675.00000000017,38566.09999999994
177434741.0661,54675.00000000017,38566.09999999994
177434743.0661,54675.00000000017,38566.09999999994
177434745.0661,54675.00000000017,38566.09999999994
177434747.0661,54675.00000000017,38566.09999999994
177434749.0661,54675.00000000017,38566.09999999994
177434751.0661,53064.100000000166,38565.99999999994
177434753.0661,53064.100000000166,38565.99999999994
177434755.0661,53064.100000000166,38565.99999999994
177434757.0661,53064.100000000166,38565.99999999994
177434759.0661,53064.100000000166,38565.99999999994
177434761.0661,53064.100000000166,38565.99999999994
177434763.0661,53064.100000000166,38565.99999999994
177434765.0661,53064.100000000166,38565.99999999994
177434767.0661,53064.100000000166,38565.99999999994
177434769.0661,53064.100000000166,38565.99999999994
177434771.0661,53064.100000000166,38565.99999999994
177434773.0661,53064.100000000166,38565.99999999994
177434775.0661,53064.100000000166,38565.99999999994
177434777.0661,53064.100000000166,38565.99999999994
177434779.0661,53064.100000000166,38565.99999999994
177434781.0661,53064.100000000166,38565.99999999994
177434783.0661,53064.100000000166,38565.99999999994
177434785.0661,53064.100000000166,38565.99999999994
177434787.0661,53064.100000000166,38565.99999999994
177434789.0661,53064.100000000166,38565.99999999994
177434791.0661,53064.100000000166,38565.99999999994
177434793.0661,53064.100000000166,38565.89999999994
177434795.0661,53064.100000000166,38565.89999999994
177434797.0661,54675.00000000017,38565.89999999994
177434799.0661,54675.00000000017,38565.89999999994
177434801.0661,54675.00000000017,38565.89999999994
177434803.0661,54675.00000000017,38565.89999999994
177434805.0661,54675.00000000017,38565.89999999994
177434807.0661,54675.00000000017,38565.89999999994
177434809.0661,54675.00000000017,38565.89999999994
177434811.0661,54675.00000000017,38565.89999999994
177434813.0661,54675.00000000017,38565.89999999994
177434815.0661,54675.00000000017,38565.89999999994
177434817.0661,54675.00000000017,38565.89999999994
177434819.0661,54675.00000000017,38565.89999999994
177434821.0661,54675.00000000017,38565.89999999994
177434823.0661,54675.00000000017,38565.89999999994
177434825.0661,54675.00000000017,38565.89999999994
177434827.0661,54675.00000000017,38565.89999999994
177434829.0661,54675.00000000017,38565.89999999994
177434831.0661,54675.00000000017,38565.89999999994
177434833.0661,54675.00000000017,38565.89999999994
177434835.0661,54675.00000000017,38565.89999999994
177434837.0661,54675.00000000017,38565.89999999994
177434839.0661,54675.00000000017,38565.89999999994
177434841.0661,54675.00000000017,38565.89999999994
177434843.0661,54675.00000000017,38565.89999999994
177434845.0661,54675.00000000017,38565.89999999994
177434847.0661,54675.00000000017,38565.89999999994
177434849.0661,54675.00000000017,38565.89999999994
177434851.0661,54675.00000000017,38565.89999999994
177434853.0661,54675.00000000017,38565.89999999994
177434855.0661,54675.00000000017,38565.89999999994
177434857.0661,54675.00000000017,38565.89999999994
177434859.0661,54675.00000000017,38565.89999999994
177434861.0661,54675.00000000017,38565.89999999994
177434863.0661,54675.00000000017,38565.89999999994
177434865.0661,54675.00000000017,38565.89999999994
177434867.0661,54675.00000000017,38565.89999999994
177434869.0661,54675.00000000017,38565.89999999994
177434871.0661,54675.00000000017,38565.89999999994
177434873.0661,54675.00000000017,38565.89999999994
177434875.0661,54675.00000000017,38565.89999999994
177434877.0661,54675.00000000017,38565.89999999994
177434879.0661,54674.90000000017,38565.89999999994
177434881.0661,54674.90000000017,38565.89999999994
177434883.0661,54674.90000000017,38565.89999999994
177434885.0661,54674.90000000017,38565.89999999994
177434887.0661,54674.90000000017,38565.99999999994
177434889.0661,54674.90000000017,38565.99999999994
177434891.0661,54674.90000000017,38565.99999999994
177434893.0661,54674.90000000017,38565.99999999994
177434895.0661,54674.90000000017,38565.99999999994
177434897.0661,54674.90000000017,38565.99999999994
177434899.0661,54674.90000000017,38565.99999999994
177434901.0661,54674.90000000017,38565.99999999994
177434903.0661,54674.90000000017,38565.99999999994
177434905.0661,54674.90000000017,38565.99999999994
177434907.0661,54674.90000000017,38565.99999999994
177434909.0661,54674.90000000017,38565.99999999994
177434911.0661,54674.90000000017,38565.99999999994
177434913.0661,54674.90000000017,38565.99999999994
177434915.0661,54674.90000000017,38565.99999999994
177434917.0661,54674.90000000017,38565.99999999994
177434919.0661,54674.90000000017,38565.99999999994
177434921.0661,54674.90000000017,38565.99999999994
177434923.0661,54674.90000000017,38565.99999999994
177434925.0661,54674.90000000017,38565.99999999994
177434927.0661,54674.90000000017,38565.99999999994
177434929.0661,54674.90000000017,38565.99999999994
177434931.0661,54674.90000000017,38565.99999999994
177434933.0661,54674.90000000017,38565.99999999994
177434935.0661,54674.90000000017,38565.99999999994
177434937.0661,54674.90000000017,38565.99999999994
177434939.0661,54674.90000000017,38565.99999999994
177434941.0661,54674.90000000017,38565.99999999994
177434943.0661,54674.90000000017,38565.99999999994
177434945.0661,54674.90000000017,38565.99999999994
177434947.0661,54674.90000000017,38565.99999999994
177434949.0661,54674.90000000017,38565.99999999994
177434951.0661,54674.90000000017,38565.99999999994
177434953.0661,54674.90000000017,38565.89999999994
177434955.0661,54674.90000000017,38565.89999999994
177434957.0661,54674.90000000017,38565.89999999994
177434959.0661,54674.90000000017,38565.89999999994
177434961.0661,54674.90000000017,38565.89999999994
177434963.0661,54674.90000000017,38565.99999999994
177434965.0661,54674.90000000017,38565.99999999994
177434967.0661,54674.90000000017,38565.99999999994
177434969.0661,54674.90000000017,38565.99999999994
177434971.0661,54674.90000000017,38565.99999999994
177434973.0661,54674.90000000017,38565.99999999994
177434975.0661,54674.90000000017,38565.99999999994
177434977.0661,54674.90000000017,38565.99999999994
177434979.0661,54674.90000000017,38565.99999999994
177434981.0661,54674.90000000017,38565.99999999994
177434983.0661,54674.90000000017,38565.99999999994
177434985.0661,54674.90000000017,38565.99999999994
177434987.0661,54674.90000000017,38565.99999999994
177434989.0661,54674.90000000017,38565.99999999994
177434991.0661,54674.90000000017,38565.99999999994
177434993.0661,54674.90000000017,38565.99999999994
177434995.0661,54674.90000000017,38565.99999999994
177434997.0661,54674.90000000017,38565.99999999994
177434999.0661,54674.90000000017,38565.99999999994
177435001.0661,54674.90000000017,38565.99999999994
177435003.0661,54674.90000000017,38565.99999999994
177435005.0661,54674.90000000017,38565.99999999994
177435007.0661,54674.80000000017,38565.99999999994
177435009.0661,54674.80000000017,38565.99999999994
177435011.0661,54674.80000000017,38565.99999999994
177435013.0661,54674.80000000017,38565.99999999994
177435015.0661,54674.80000000017,38565.99999999994
177435017.0661,54674.80000000017,38565.99999999994
177435019.0661,54674.80000000017,38565.99999999994
177435021.0661,54674.80000000017,38565.99999999994
177435023.0661,54674.80000000017,38565.89999999994
177435025.0661,54674.80000000017,38565.89999999994
177435027.0661,54674.80000000017,38565.89999999994
177435029.0661,54674.80000000017,38565.89999999994
177435031.0661,54674.80000000017,38565.89999999994
177435033.0661,54674.80000000017,38565.99999999994
177435035.0661,54674.80000000017,38565.99999999994
177435037.0661,54674.80000000017,38565.99999999994
177435039.0661,54674.80000000017,38565.99999999994
177435041.0661,54674.80000000017,38565.99999999994
177435043.0661,54674.80000000017,38565.99999999994
177435045.0661,54674.80000000017,38565.99999999994
177435047.0661,54674.80000000017,38565.99999999994
177435049.0661,54674.80000000017,38565.99999999994
177435051.0661,54674.80000000017,38565.99999999994
177435053.0661,54674.80000000017,38565.99999999994
177435055.0661,54674.80000000017,38565.99999999994
177435057.0661,54674.80000000017,38565.99999999994
177435059.0661,54674.80000000017,38565.99999999994
177435061.0661,54674.80000000017,38565.99999999994
177435063.0661,54674.80000000017,38565.99999999994
177435065.0661,54674.80000000017,38565.99999999994
177435067.0661,54674.80000000017,38565.99999999994
177435069.0661,54674.80000000017,38565.99999999994
177435071.0661,54674.80000000017,38565.99999999994
177435073.0661,54674.80000000017,38565.99999999994
177435075.0661,54674.80000000017,38565.99999999994
177435077.0661,54674.80000000017,38565.99999999994
177435079.0661,54674.80000000017,38565.99999999994
177435081.0661,54674.80000000017,38565.99999999994
177435083.0661,54674.80000000017,38565.99999999994
177435085.0661,54674.80000000017,38565.99999999994
177435087.0661,54674.80000000017,38565.99999999994
177435089.0661,54674.80000000017,38565.99999999994
177435091.0661,54674.80000000017,38565.99999999994
177435093.0661,54674.80000000017,38565.89999999994
177435095.0661,54674.80000000017,38565.89999999994
177435097.0661,54674.80000000017,38565.89999999994
177435099.0661,54674.80000000017,38565.89999999994
177435101.0661,54674.70000000017,38565.99999999994
177435103.0661,54674.70000000017,38565.99999999994
177435105.0661,54674.70000000017,38565.99999999994
177435107.0661,54674.70000000017,38565.99999999994
177435109.0661,54674.70000000017,38565.99999999994
177435111.0661,54674.70000000017,38565.99999999994
177435113.0661,54674.60000000017,38565.99999999994
177435115.0661,54674.60000000017,38565.99999999994
177435117.0661,54674.60000000017,38565.99999999994
177435119.0661,54674.60000000017,38565.99999999994
177435121.0661,54674.60000000017,38565.99999999994
177435123.0661,54674.60000000017,38565.99999999994
177435125.0661,54674.60000000017,38565.99999999994
177435127.0661,54674.60000000017,38565.99999999994
177435129.0661,54674.60000000017,38565.99999999994
177435131.0661,54674.60000000017,38565.99999999994
177435133.0661,54674.60000000017,38565.99999999994
177435135.0661,54674.60000000017,38565.99999999994
177435137.0661,54674.60000000017,38565.99999999994
177435139.0661,54674.60000000017,38565.99999999994
177435141.0661,54674.60000000017,38565.99999999994
177435143.0661,54674.60000000017,38565.99999999994
177435145.0661,54674.60000000017,38565.99999999994
177435147.0661,54674.60000000017,38565.99999999994
177435149.0661,54674.60000000017,38565.99999999994
177435151.0661,54674.60000000017,38565.99999999994
177435153.0661,54674.60000000017,38565.99999999994
177435155.0661,54674.60000000017,38565.99999999994
177435157.0661,54674.60000000017,38565.99999999994
177435159.0661,54674.60000000017,38565.99999999994
177435161.0661,54674.60000000017,38565.99999999994
177435163.0661,54674.60000000017,38565.99999999994
177435165.0661,54674.60000000017,38565.99999999994
177435167.0661,54674.60000000017,38565.99999999994
177435169.0661,54674.60000000017,38565.99999999994
177435171.0661,54674.60000000017,38565.99999999994
177435173.0661,54674.60000000017,38565.99999999994
177435175.0661,54674.60000000017,38565.99999999994
177435177.0661,53063.70000000017,38565.89999999994
177435179.0661,53063.60000000017,38565.89999999994
177435181.0661,53063.500000000175,38565.89999999994
177435183.0661,53063.500000000175,38565.89999999994
177435185.0661,53063.500000000175,38565.89999999994
177435187.0661,53063.500000000175,38565.89999999994
177435189.0661,53063.500000000175,38565.89999999994
177435191.0661,53063.500000000175,38565.89999999994
177435193.0661,53063.500000000175,38565.89999999994
177435195.0661,53063.400000000176,38565.89999999994
177435197.0661,53063.30000000018,38565.89999999994
177435199.0661,53063.30000000018,38565.89999999994
177435201.0661,53063.30000000018,38565.89999999994
177435203.0661,53063.30000000018,38565.89999999994
177435205.0661,53063.30000000018,38565.89999999994
177435207.0661,53063.30000000018,38565.89999999994
177435209.0661,53063.30000000018,38565.89999999994
177435211.0661,53063.30000000018,38565.89999999994
177435213.0661,53063.30000000018,38565.89999999994
177435215.0661,53063.30000000018,38565.89999999994
177435217.0661,53063.30000000018,38565.89999999994
177435219.0661,53063.30000000018,38565.89999999994
177435221.0661,53063.30000000018,38565.89999999994
177435223.0661,53063.30000000018,38565.89999999994
177435225.0661,53063.30000000018,38565.89999999994
177435227.0661,53063.30000000018,38565.89999999994
177435229.0661,53063.30000000018,38565.89999999994
177435231.0661,53063.30000000018,38565.89999999994
177435233.0661,53063.30000000018,38565.89999999994
177435235.0661,53063.30000000018,38565.89999999994
177435237.0661,53063.30000000018,38565.89999999994
177435239.0661,53063.30000000018,38565.89999999994
177435241.0661,53063.30000000018,38565.89999999994
177435243.0661,53063.30000000018,38565.89999999994
177435245.0661,53063.30000000018,38565.89999999994
177435247.0661,53063.30000000018,38565.89999999994
177435249.0661,53063.30000000018,38565.89999999994
177435251.0661,53063.30000000018,38565.89999999994
177435253.0661,51613.60000000018,38565.89999999994
177435255.0661,51613.60000000018,38565.89999999994
177435257.0661,51613.60000000018,38565.89999999994
177435259.0661,51613.60000000018,38565.89999999994
177435261.0661,51613.60000000018,38565.89999999994
177435263.0661,51613.60000000018,38565.89999999994
177435265.0661,51613.60000000018,38565.89999999994
177435267.0661,51613.60000000018,38565.89999999994
177435269.0661,51613.60000000018,38565.89999999994
177435271.0661,51613.60000000018,38565.89999999994
177435273.0661,51613.60000000018,38565.89999999994
177435275.0661,51613.60000000018,38565.89999999994
177435277.0661,51613.50000000018,38565.89999999994
177435281.0661,51613.50000000018,38565.99999999994
177435291.0661,50308.60000000018,38565.99999999994
177435293.0661,50308.60000000018,38565.99999999994
177435295.0661,50308.60000000018,38565.99999999994
177435297.0661,49134.30000000018,38565.99999999994
177435299.0661,49134.30000000018,38565.99999999994
177435301.0661,49134.30000000018,38565.99999999994
177435303.0661,49134.30000000018,38565.89999999994
177435305.0661,49134.30000000018,38565.89999999994
177435307.0661,49134.30000000018,38565.89999999994
177435309.0661,49134.30000000018,38565.89999999994
177435311.0661,49134.30000000018,38565.89999999994
177435313.0661,49134.30000000018,38565.89999999994
177435315.0661,49134.30000000018,38565.89999999994
177435317.0661,49134.30000000018,38565.89999999994
177435319.0661,49134.30000000018,38565.89999999994
177435321.0661,49134.30000000018,38565.89999999994
177435323.0661,49134.20000000018,38565.89999999994
177435325.0661,49134.20000000018,38565.89999999994
177435327.0661,49134.20000000018,38565.89999999994
177435329.0661,49134.20000000018,38565.89999999994
177435331.0661,49134.20000000018,38565.89999999994
177435333.0661,49134.20000000018,38565.89999999994
177435335.0661,49134.20000000018,38565.89999999994
177435337.0661,49134.20000000018,38565.89999999994
177435339.0661,49134.20000000018,38565.89999999994
177435341.0661,49134.20000000018,38565.89999999994
177435343.0661,49134.30000000018,38565.89999999994
177435345.0661,49134.30000000018,38565.89999999994
177435347.0661,49134.30000000018,38565.89999999994
177435349.0661,49134.30000000018,38565.89999999994
177435351.0661,49134.30000000018,38565.89999999994
177435353.0661,49134.30000000018,38565.89999999994
177435355.0661,49134.30000000018,38565.89999999994
177435357.0661,49134.30000000018,38565.89999999994
177435359.0661,49134.30000000018,38565.89999999994
177435361.0661,49134.30000000018,38565.89999999994
177435363.0661,49134.30000000018,38565.89999999994
177435365.0661,49134.30000000018,38565.89999999994
177435367.0661,49134.30000000018,38565.89999999994
177435369.0661,49134.30000000018,38565.89999999994
177435371.0661,49134.30000000018,38565.89999999994
177435373.0661,49134.30000000018,38565.89999999994
177435375.0661,49134.30000000018,38565.89999999994
177435377.0661,49134.30000000018,38565.89999999994
177435379.0661,50308.60000000018,38565.89999999994
177435381.0661,50308.60000000018,38565.89999999994
177435383.0661,50308.60000000018,38565.89999999994
177435385.0661,50308.60000000018,38565.89999999994
177435387.0661,50308.60000000018,38565.89999999994
177435389.0661,50308.60000000018,38565.89999999994
177435391.0661,50308.60000000018,38565.89999999994
177435393.0661,50308.60000000018,38565.89999999994
177435395.0661,50308.60000000018,38565.89999999994
177435397.0661,50308.60000000018,38565.89999999994
177435399.0661,50308.60000000018,38565.89999999994
177435401.0661,50308.60000000018,38565.89999999994
177435403.0661,50308.60000000018,38565.89999999994
177435405.0661,50308.60000000018,38565.89999999994
177435407.0661,50308.60000000018,38565.89999999994
177435409.0661,50308.60000000018,38565.89999999994
177435411.0661,50308.60000000018,38565.89999999994
177435413.0661,50308.60000000018,38565.89999999994
177435415.0661,50308.60000000018,38565.89999999994
177435417.0661,50308.60000000018,38565.89999999994
177435419.0661,50308.60000000018,38565.89999999994
177435421.0661,50308.60000000018,38565.89999999994
177435423.0661,50308.60000000018,38565.89999999994
177435425.0661,50308.60000000018,38565.89999999994
177435427.0661,50308.50000000018,38565.89999999994
177435429.0661,50308.50000000018,38565.89999999994
177435431.0661,50308.50000000018,38565.89999999994
177435433.0661,50308.40000000018,38565.89999999994
177435435.0661,50308.40000000018,38565.89999999994
177435437.0661,50308.40000000018,38565.89999999994
177435439.0661,50308.40000000018,38565.89999999994
177435441.0661,50308.40000000018,38565.89999999994
177435443.0661,50308.40000000018,38565.89999999994
177435445.0661,50308.50000000018,38565.89999999994
177435447.0661,50308.50000000018,38565.699999999946
177435449.0661,50308.50000000018,38565.699999999946
177435451.0661,50308.50000000018,38565.699999999946
177435453.0661,50308.50000000018,38565.699999999946
177435455.0661,50308.50000000018,38565.699999999946
177435457.0661,50308.50000000018,38565.699999999946
177435459.0661,50308.50000000018,38565.699999999946
177435461.0661,50308.50000000018,38565.699999999946
177435463.0661,50308.50000000018,38565.699999999946
177435465.0661,50308.50000000018,38565.699999999946
177435467.0661,50308.50000000018,38565.699999999946
177435469.0661,50308.50000000018,38565.699999999946
177435471.0661,50308.50000000018,38565.699999999946
177435473.0661,50308.50000000018,38565.699999999946
177435475.0661,50308.50000000018,38565.699999999946
177435477.0661,50308.50000000018,38565.699999999946
177435479.0661,50308.50000000018,38565.699999999946
177435481.0661,50308.50000000018,38565.699999999946
177435483.0661,50308.50000000018,38565.699999999946
177435485.0661,50308.50000000018,38565.699999999946
177435487.0661,50308.50000000018,38565.699999999946
177435489.0661,50308.50000000018,38565.699999999946
177435491.0661,50308.50000000018,38565.699999999946
177435493.0661,50308.50000000018,38565.699999999946
177435495.0661,50308.50000000018,38565.699999999946
177435497.0661,50308.50000000018,38565.699999999946
177435499.0661,50308.50000000018,38565.699999999946
177435501.0661,50308.50000000018,38565.699999999946
177435503.0661,50308.50000000018,38565.699999999946
177435505.0661,50308.50000000018,38565.699999999946
177435507.0661,50308.50000000018,38565.699999999946
177435509.0661,50308.50000000018,38565.699999999946
177435511.0661,50308.50000000018,38565.699999999946
177435513.0661,50308.50000000018,38565.699999999946
177435515.0661,50308.50000000018,38565.699999999946
177435517.0661,50308.50000000018,38565.699999999946
177435519.0661,50308.50000000018,38565.699999999946
177435521.0661,50308.50000000018,38565.699999999946
177435523.0661,50308.50000000018,38565.699999999946
177435525.0661,50308.50000000018,38565.699999999946
177435527.0661,50308.50000000018,38565.699999999946
177435529.0661,50308.50000000018,38565.699999999946
177435531.0661,50308.50000000018,38565.699999999946
177435533.0661,50308.50000000018,38565.699999999946
177435535.0661,50308.50000000018,38565.699999999946
177435537.0661,50308.50000000018,38565.699999999946
177435539.0661,50308.50000000018,38565.699999999946
177435541.0661,50308.50000000018,38565.699999999946
177435543.0661,50308.50000000018,38565.699999999946
177435545.0661,50308.50000000018,38565.699999999946
177435547.0661,50308.50000000018,38565.699999999946
177435549.0661,50308.50000000018,38565.699999999946
177435551.0661,50308.50000000018,38565.699999999946
177435553.0661,50308.50000000018,38565.699999999946
177435555.0661,50308.50000000018,38565.699999999946
177435557.0661,50308.50000000018,38565.699999999946
177435559.0661,50308.50000000018,38565.699999999946
177435561.0661,50308.50000000018,38565.699999999946
177435563.0661,50308.50000000018,38565.699999999946
177435565.0661,50308.50000000018,38565.699999999946
177435567.0661,50308.50000000018,38565.699999999946
177435569.0661,50308.50000000018,38565.699999999946
177435571.0661,50308.50000000018,38565.699999999946
177435573.0661,50308.50000000018,38565.699999999946
177435575.0661,50308.50000000018,38565.699999999946
177435577.0661,50308.50000000018,38565.699999999946
177435579.0661,50308.50000000018,38565.699999999946
177435581.0661,50308.50000000018,38565.699999999946
177435583.0661,50308.50000000018,38565.699999999946
177435585.0661,50308.50000000018,38565.699999999946
177435587.0661,50308.50000000018,38565.699999999946
177435589.0661,50308.50000000018,38565.699999999946
177435591.0661,50308.50000000018,38565.699999999946
177435593.0661,50308.50000000018,38565.699999999946
177435595.0661,50308.50000000018,38565.699999999946
177435597.0661,50308.50000000018,38565.699999999946
177435599.0661,50308.50000000018,38565.699999999946
177435601.0661,50308.50000000018,38565.699999999946
177435603.0661,50308.50000000018,38565.699999999946
177435605.0661,50308.50000000018,38565.699999999946
177435607.0661,50308.50000000018,38565.699999999946
177435609.0661,50308.50000000018,38565.699999999946
177435611.0661,50308.50000000018,38565.699999999946
177435613.0661,50308.50000000018,38565.699999999946
177435615.0661,50308.50000000018,38565.699999999946
177435617.0661,50308.50000000018,38565.699999999946
177435619.0661,50308.50000000018,38565.699999999946
177435621.0661,50308.50000000018,38565.699999999946
177435623.0661,50308.50000000018,38565.699999999946
177435625.0661,50308.50000000018,38565.699999999946
177435627.0661,50308.50000000018,38565.699999999946
177435629.0661,50308.50000000018,38565.699999999946
177435631.0661,50308.50000000018,38565.699999999946
177435633.0661,50308.50000000018,38565.699999999946
177435635.0661,50308.40000000018,38565.699999999946
177435637.0661,50308.40000000018,38565.699999999946
177435639.0661,50308.40000000018,38565.699999999946
177435641.0661,50308.40000000018,38565.699999999946
177435643.0661,50308.40000000018,38565.699999999946
177435645.0661,50308.40000000018,38565.699999999946
177435647.0661,50308.40000000018,38565.699999999946
177435649.0661,50308.40000000018,38565.699999999946
177435651.0661,50308.40000000018,38565.699999999946
177435653.0661,50308.40000000018,38565.699999999946
177435655.0661,50308.40000000018,38565.699999999946
177435657.0661,50308.40000000018,38565.699999999946
177435659.0661,50308.40000000018,38565.699999999946
177435661.0661,50308.40000000018,38565.699999999946
177435663.0661,50308.40000000018,38565.699999999946
177435665.0661,50308.40000000018,38565.699999999946
177435667.0661,50308.40000000018,38565.699999999946
177435669.0661,50308.40000000018,38565.699999999946
177435671.0661,50308.40000000018,38565.699999999946
177435673.0661,50308.40000000018,38565.699999999946
177435675.0661,50308.40000000018,38565.699999999946
177435677.0661,50308.40000000018,38565.699999999946
177435679.0661,50308.40000000018,38565.699999999946
177435681.0661,50308.40000000018,38565.699999999946
177435683.0661,50308.40000000018,38565.699999999946
177435685.0661,50308.40000000018,38565.699999999946
177435687.0661,50308.40000000018,38565.699999999946
177435689.0661,50308.40000000018,38565.699999999946
177435691.0661,50308.40000000018,38565.699999999946
177435693.0661,50308.40000000018,38565.699999999946
177435695.0661,50308.40000000018,38565.699999999946
177435697.0661,50308.40000000018,38565.699999999946
177435699.0661,50308.40000000018,38565.699999999946
177435701.0661,50308.40000000018,38565.699999999946
177435703.0661,50308.40000000018,38565.699999999946
177435705.0661,50308.40000000018,38565.699999999946
177435707.0661,50308.40000000018,38565.699999999946
177435709.0661,50308.40000000018,38565.699999999946
177435711.0661,50308.40000000018,38565.699999999946
177435713.0661,50308.40000000018,38565.699999999946
177435715.0661,50308.40000000018,38565.699999999946
177435717.0661,50308.40000000018,38565.699999999946
177435719.0661,50308.40000000018,38565.699999999946
177435721.0661,50308.40000000018,38565.699999999946
177435723.0661,50308.40000000018,38565.699999999946
177435725.0661,50308.40000000018,38565.699999999946
177435727.0661,50308.40000000018,38565.699999999946
177435729.0661,50308.40000000018,38565.699999999946
177435731.0661,50308.40000000018,38565.699999999946
177435733.0661,50308.40000000018,38565.699999999946
177435735.0661,50308.40000000018,38565.699999999946
177435737.0661,50308.40000000018,38565.699999999946
177435739.0661,50308.40000000018,38565.699999999946
177435741.0661,50308.40000000018,38565.699999999946
177435743.0661,50308.40000000018,38565.699999999946
177435745.0661,50308.40000000018,38565.699999999946
177435747.0661,50308.40000000018,38565.699999999946
177435749.0661,50308.40000000018,38565.699999999946
177435751.0661,50308.40000000018,38565.699999999946
177435753.0661,50308.40000000018,38565.699999999946
177435755.0661,50308.40000000018,38565.699999999946
177435757.0661,50308.40000000018,38565.699999999946
177435759.0661,50308.40000000018,38565.699999999946
177435761.0661,50308.40000000018,38565.699999999946
177435763.0661,50308.40000000018,38565.699999999946
177435765.0661,50308.40000000018,38565.699999999946
177435767.0661,50308.40000000018,38565.699999999946
177435769.0661,50308.40000000018,38565.699999999946
177435771.0661,50308.40000000018,38565.699999999946
177435773.0661,50308.40000000018,38565.699999999946
177435775.0661,50308.40000000018,38565.699999999946
177435777.0661,50308.40000000018,38565.699999999946
177435779.1661,50308.40000000018,38565.699999999946
177435781.0661,50308.40000000018,38565.699999999946
177435783.0661,50308.40000000018,38565.699999999946
177435785.0661,50308.40000000018,38565.699999999946
177435787.0661,50308.40000000018,38565.699999999946
177435789.0661,50308.40000000018,38565.699999999946
177435791.0661,50308.40000000018,38565.699999999946
177435793.0661,50308.40000000018,38565.699999999946
177435795.0661,50308.40000000018,38565.699999999946
177435797.0661,50308.40000000018,38565.699999999946
177435799.0661,50308.40000000018,38565.699999999946
177435801.0661,50308.40000000018,38565.699999999946
177435803.0661,50308.40000000018,38565.699999999946
177435805.0661,50308.40000000018,38565.699999999946
177435807.0661,50308.40000000018,38565.699999999946
177435809.0661,50308.40000000018,38565.699999999946
177435811.0661,50308.40000000018,38565.699999999946
177435813.0661,50308.40000000018,38565.699999999946
177435815.0661,50308.40000000018,38565.699999999946
177435817.0661,50308.40000000018,38565.699999999946
177435819.0661,50308.40000000018,38565.699999999946
177435821.0661,50308.40000000018,38565.699999999946
177435823.0661,50308.40000000018,38565.699999999946
177435825.0661,50308.40000000018,38565.699999999946
177435827.0661,50308.40000000018,38565.699999999946
177435829.0661,50308.40000000018,38565.699999999946
177435831.0661,50308.40000000018,38565.699999999946
177435833.0661,50308.40000000018,38565.699999999946
177435835.0661,50308.40000000018,38565.699999999946
177435837.0661,50308.40000000018,38565.699999999946
177435839.0661,50308.40000000018,38565.699999999946
177435841.0661,50308.40000000018,38565.699999999946
177435843.0661,50308.40000000018,38565.699999999946
177435845.0661,50308.40000000018,38565.699999999946
177435847.0661,50308.40000000018,38565.699999999946
177435849.0661,50308.40000000018,38565.699999999946
177435851.0661,50308.40000000018,38565.699999999946
177435853.0661,50308.40000000018,38565.699999999946
177435855.0661,50308.40000000018,38565.699999999946
177435857.0661,50308.40000000018,38565.699999999946
177435859.0661,50308.40000000018,38565.699999999946
177435861.0661,50308.40000000018,38565.699999999946
177435863.0661,50308.40000000018,38565.699999999946
177435865.0661,50308.40000000018,38565.699999999946
177435867.0661,50308.40000000018,38565.699999999946
177435869.0661,50308.40000000018,38565.699999999946
177435871.0661,50308.40000000018,38565.699999999946
177435873.0661,50308.40000000018,38565.699999999946
177435875.0661,50308.40000000018,38565.699999999946
177435877.0661,50308.40000000018,38565.699999999946
177435879.0661,50308.40000000018,38565.699999999946
177435881.0661,50308.40000000018,38565.699999999946
177435883.0661,50308.40000000018,38565.699999999946
177435885.0661,50308.40000000018,38565.699999999946
177435887.0661,50308.40000000018,38565.699999999946
177435889.0661,50308.40000000018,38565.699999999946
177435891.0661,50308.40000000018,38565.699999999946
177435893.0661,50308.40000000018,38565.699999999946
177435895.0661,50308.40000000018,38565.699999999946
177435897.0661,50308.40000000018,38565.699999999946
177435899.0661,50308.40000000018,38565.699999999946
177435901.0661,50308.40000000018,38565.699999999946
177435903.0661,50308.40000000018,38565.699999999946
177435905.0661,50308.40000000018,38565.699999999946
177435907.0661,50308.40000000018,38565.699999999946
177435909.0661,50308.40000000018,38565.699999999946
177435911.0661,50308.40000000018,38565.699999999946
177435913.0661,50308.40000000018,38565.699999999946
177435915.0661,50308.40000000018,38565.699999999946
177435917.0661,50308.40000000018,38565.699999999946
